1.2063501715660094,0.024991379112937716,0.0007853496295538775, 0
1.2138147354125977,0.017999929207397288,0.0009933495562819417, 0
1.2168577432632446,0.012160093473502841,2.266683383425057e-05, 0
1.2110086679458618,0.018787050816305818,-0.0009597727513011023, 0
1.205689513683319,0.01316967936836121,5.7948775081229106e-05, 0
1.2075178384780885,0.005704714355903477,-4.9329151926258413e-05, 0
1.2107352137565612,0.004812137262153072,-4.280225256536595e-06, 0
1.2070643544197082,0.0023865226993453454,-4.057846224725381e-06, 0
1.2085891842842102,0.0025802667254588526,-5.130113054008234e-06, 0
1.2085108160972595,0.005864732276238746,-0.00012406885772264786, 0
1.2069074869155885,0.00292760807857366,5.308312419458616e-05, 0
1.2068669080734253,0.002573621352084407,-2.011231723031413e-06, 0
1.2079890966415405,0.0034674334965334413,-4.9867403362213736e-05, 0
1.207260298728943,0.0023382614043048586,7.503981066747647e-07, 0
1.208337938785553,0.0031695244373971553,-3.085850661790345e-05, 0
1.209286665916443,0.002671271044678891,2.1405648931249742e-05, 0
1.2082239866256714,0.0031280331550203443,6.7330292864653534e-06, 0
1.2082109093666076,0.002040272080157109,-1.011419438015082e-05, 0
1.2078123807907104,0.002369784248024174,-1.3696369501303707e-05, 0
1.2061734437942504,0.0031455727218417107,2.274840454674618e-07, 0
1.2097885251045226,0.0037868405181514645,9.828340652973116e-06, 0
1.208773124217987,0.001662674151646104,-1.0955219353547817e-05, 0
1.2084367632865907,0.002662809929654235,-3.759438715036368e-05, 0
1.2089585661888123,0.0026091170583043407,-1.612139693207837e-05, 0
1.207309067249298,0.0017539335062294393,7.256294978219557e-07, 0
1.2094248175621032,0.00247624351536813,-1.8970790078753905e-05, 0
1.2076563119888306,0.002711056595835561,9.157040329910161e-06, 0
1.2087077498435974,0.0014947553156086128,-5.791643594932339e-06, 0
1.2099295496940612,0.002387357226136684,1.3362478016176736e-05, 0
1.2100221633911132,0.0029357355312194704,-2.5729478403491156e-05, 0
1.2109087228775024,0.0027377360962069597,-6.884584558974893e-06, 0
1.2120148539543152,0.006126470121243696,-0.00011682428124260014, 0
1.2093047022819519,0.016759725468445442,0.0014032081715228627, 0
1.214724862575531,0.014258436640194782,0.00020033489302448968, 0
1.209845983982086,0.0076924047795966215,-0.00022556537640952, 0
1.2097739815711974,0.028170890462257493,-0.0031323689313879303, 0
1.2124783635139464,0.020292560536363864,0.00102325233686571, 0
1.20992830991745,0.015219958383261243,0.000923826474989653, 0
1.2095906853675842,0.010906328389150326,-5.763453619209713e-05, 0
1.2111123085021973,0.00740073800458331,-0.00010496097329735219, 0
1.2172462344169617,0.007949622821169787,9.816504480397725e-06, 0
1.2149940490722657,0.01235474894208181,-0.0006350998852781232, 0
1.2101987838745116,0.007002050711117987,0.0003334186727897759, 0
1.2132500052452087,0.009029154972884116,-0.00015767892229092697, 0
1.2125884652137757,0.0070842851037408545,-5.7740317812715604e-05, 0
1.2097216606140138,0.014361913150379345,4.697167487108803e-05, 0
1.2144549369812012,0.003289549717014928,-2.434501055290639e-05, 0
1.2154732942581177,0.004394225718361538,-8.58880261205286e-05, 0
1.2119767308235168,0.002395671412943819,-1.670898411845201e-05, 0
1.2106868982315064,0.004479225350432649,3.147533016090166e-06, 0
1.2132978558540344,0.00314007614797765,2.766268379161829e-06, 0
1.2148751139640808,0.0021509384186160544,3.936764115053392e-06, 0
1.2138790607452392,0.0052137202191529135,4.966213572288326e-06, 0
1.2125020265579223,0.004804120502380918,-3.245581431201572e-05, 0
1.2123530864715577,0.00940903602022518,0.00032839956392081147, 0
1.2090919375419618,0.007116686956362145,-0.00011057411378914136, 0
1.2133465170860291,0.024661940762458288,-0.0018688726498780283, 0
1.2149016737937928,0.012572026963881251,-0.0006807769030402255, 0
1.2128754734992981,0.013531446342903678,-0.000562766896580058, 0
1.2132285475730895,0.01692958872915968,0.00012405996643991552, 0
1.210019850730896,0.013914795684248988,0.00110388572574891, 0
1.2146267533302306,0.013092834064342534,-0.0006393653046913528, 0
1.2115644335746765,0.014793409722643794,0.0005330470566619282, 0
1.2581570744514465,0.1694760936401183,-0.039414015488297593, 0
1.2114320874214173,0.0352933718128464,-0.006206614908039397, 0
1.2156375885009765,0.010004357970735796,0.0005121147440632969, 0
1.2137962341308595,0.008105191234089435,3.0196093811696293e-05, 0
1.2126465916633606,0.005551150428637819,-4.934419632860454e-05, 0
1.212541890144348,0.004805355425687984,-3.5635447198956184e-05, 0
1.2151378512382507,0.004373834744208185,-7.169993935605134e-05, 0
1.213557744026184,0.003317295459946435,-6.979367688586533e-06, 0
1.2180897116661071,0.010777386727454676,-0.0001306581433212273, 0
1.215437912940979,0.01676057179656207,-0.000731258451983763, 0
1.2189591884613038,0.017880896586175372,5.2476608397000616e-05, 0
1.2095638751983642,0.006836162643275377,-0.0001720981695768842, 0
1.2073359966278077,0.005669522177780691,-2.5091937624210923e-05, 0
1.2132215619087219,0.007761407936957024,-0.0001585334480310507, 0
1.2127660274505616,0.007254956639967169,6.145391591303451e-05, 0
1.2134317755699158,0.003912724530572054,-3.561089079795465e-05, 0
1.209272301197052,0.013878356086043602,-8.088036243094623e-05, 0
1.2160157918930055,0.008447169080919092,0.0002903051112582489, 0
1.2142390727996826,0.002639703453458162,-1.675768130269261e-05, 0
1.2161038398742676,0.003407384918182516,-5.91604297426329e-06, 0
1.2130420565605164,0.0026511208546665275,-1.1833631161550782e-05, 0
1.2143500089645385,0.005542379788760241,-0.00012107778085237444, 0
1.2112897276878356,0.005388738112793456,-6.436738770787544e-06, 0
1.215549683570862,0.016160995860138076,0.0003618340515401997, 0
1.2175599098205567,0.012750236658901527,-0.0003154271937603426, 0
1.2165280818939208,0.015638634335007687,-0.0006822292666072372, 0
1.2183549523353576,0.018414120657287984,2.5168676442888303e-05, 0
1.2108992695808412,0.01605325362886631,0.00017047980814908212, 0
1.2098968625068665,0.010569247767602069,0.0005739924778751515, 0
1.2085405468940735,0.007199722563164551,-5.088940415163281e-05, 0
1.2109413862228393,0.008005831636835726,-0.00035212820926631137, 0
1.2176007986068726,0.005253635880086888,3.983022869533671e-05, 0
1.2154838919639588,0.004235700179713682,3.195101284205748e-05, 0
1.2131332635879517,0.0027880783798070637,-1.4163192000182788e-05, 0
1.213264262676239,0.004812485690111668,4.772124414387234e-06, 0
1.2162378787994386,0.00372098526915846,3.09659678606522e-05, 0
1.2163294196128844,0.0017836378060548394,3.807335971828251e-07, 0
1.2161033749580383,0.0016847612220086603,-1.0183161400334484e-05, 0
1.2146796107292175,0.0023732114749765165,-7.886244277699462e-06, 0
1.2135958433151246,0.002461480332285389,-3.5794749967976715e-05, 0
1.2144370913505553,0.002188963335786007,-1.0662668911720628e-05, 0
1.2145529747009278,0.0014909132511442182,1.138112087915033e-05, 0
1.2132846355438232,0.003273327001489829,-8.879260937533217e-06, 0
1.2136158704757691,0.004775129515890288,-8.678704608655609e-06, 0
1.213679814338684,0.002294818833733083,-2.4093595519047992e-05, 0
1.2141255736351013,0.0011388392243644298,6.501526641500277e-07, 0
1.213427984714508,0.0032955210582379644,-1.9298625529984294e-05, 0
1.2155668973922729,0.002901823794543033,2.0518909133215852e-05, 0
1.2132829904556275,0.0030822396327944883,-1.7600412627416516e-05, 0
1.213618564605713,0.0014886902187671285,-3.0874240849243497e-06, 0
1.2131760835647583,0.003377436617160131,5.1019755466086275e-05, 0
1.2136632442474364,0.0014450934537466305,-2.423845776888811e-06, 0
1.2150028705596925,0.009430341673569695,0.00010902451061554073, 0
1.2155509114265441,0.004828206441079472,-0.00010712827381240685, 0
1.2149207949638368,0.004395961718819045,2.3654694004449036e-06, 0
1.2168076038360596,0.00452066333815793,-1.712042660528823e-05, 0
1.2163328409194947,0.002744208534503273,-3.121394878178308e-05, 0
1.2149438619613648,0.0059681260601584865,3.171427695178863e-05, 0
1.2140478134155273,0.005613261087151749,-6.279726350157943e-05, 0
1.2137479305267334,0.0033937688635767883,-6.510809893143233e-05, 0
1.2149299025535583,0.0033519437709011316,-1.6525194708094667e-05, 0
1.2130359172821046,0.006740724015709285,1.3774900418184194e-05, 0
1.2165801405906678,0.008666515731655739,-1.7093664384049133e-05, 0
1.215534770488739,0.010006932620121194,0.00020701438296697464, 0
1.216637134552002,0.018510088595896982,-0.0010600228763593122, 0
1.2171202540397643,0.015184874574197569,-0.00021793506603131629, 0
1.2068396925926208,0.029646253198610577,0.003368521085546661, 0
1.2161574363708496,0.026205721467242385,-0.0006119600399614455, 0
1.2161077737808228,0.028957623738155983,0.002324434190518332, 0
1.1999345898628235,0.027842999751601274,0.0013657248427691115, 0
1.2164523959159852,0.009132949879986058,4.04240164769476e-05, 0
1.204027009010315,0.0073690386570650235,0.00022448238163121914, 0
1.2013916492462158,0.007840554670199834,-4.585982389926362e-06, 0
1.207283365726471,0.004906466042558897,-3.7113086862916594e-05, 0
1.204254388809204,0.010029723340637207,-0.00035297472696527166, 0
1.2040377259254456,0.006725486709074757,-0.00012708738943700837, 0
1.200568151473999,0.0029625416230839954,-9.767488813849925e-06, 0
1.1926959872245788,0.015935522666733117,0.0003215652382081657, 0
1.1946041226387023,0.011804331980931755,0.00022411232292682826, 0
1.184230637550354,0.02000593748219166,-0.001009221138511407, 0
1.197832953929901,0.031081685482758938,-0.00011701869874656257, 0
1.2087106347084045,0.020532748758992348,0.0014878972808830323, 0
1.201268446445465,0.008242392887430835,0.00011024830726427126, 0
1.1992640256881715,0.00753710164448175,2.0330300637283484e-05, 0
1.2051535725593567,0.007542730793315549,0.00022338539974811058, 0
1.2104093432426453,0.011162870035781518,0.0006184697060760413, 0
1.2165517568588258,0.00697723214391716,-0.00017068374295661217, 0
1.2025557994842528,0.025520826345783575,-0.0024456663557032242, 0
1.2158002138137818,0.013923830640548423,-0.0005290447953228749, 0
1.2194188356399536,0.015298943696290177,0.00029093723215680713, 0
1.2139252066612243,0.019877921623365415,-0.0005038805105627375, 0
1.2309593677520752,0.014709719935502198,-0.0005179595361624934, 0
1.218836498260498,0.010927705663818704,0.00014522921374862115, 0
1.2261585474014283,0.0073410368537474655,-0.0001754218502810545, 0
1.2273545861244202,0.013535456314303066,-0.00021840419363883257, 0
1.2220839500427245,0.011705806009981116,-0.00011700550735440629, 0
1.220782208442688,0.007714726089868498,-0.0001953080079545089, 0
1.2219072818756103,0.008138653690072148,-9.857132507420374e-05, 0
1.2212563157081604,0.007854964722197925,-0.0002455755094032952, 0
1.2217612504959106,0.0038024996907256433,-5.585384619166687e-06, 0
1.2171883225440978,0.006253332128540206,1.3226730332860369e-05, 0
1.2161409974098205,0.012008638426164814,-0.00011663835270923078, 0
1.2187584280967712,0.013771582714517424,-0.0006669574896974949, 0
1.2201722979545593,0.00916132410448828,5.958657310145545e-06, 0
1.2231682538986206,0.005711635263441189,-0.00010326776975944085, 0
1.2185893893241881,0.011105338936226413,-0.0002609792788049958, 0
1.2135384678840637,0.014858623923626947,-0.0010025189237623522, 0
1.2054911971092224,0.009078921599340347,-0.0002623173435708281, 0
1.229429543018341,0.022342660448228396,-0.001014662432403668, 0
1.2318822026252747,0.01426002594153694,-0.00038357001415221246, 0
1.2184940814971923,0.01024127681154378,-4.610413880925535e-05, 0
1.2085187673568725,0.011046656109475715,0.00024778630962316587, 0
1.20012047290802,0.010828854601869562,0.0002931842158574227, 0
1.1981912970542907,0.01297317460921858,6.402925671835649e-05, 0
1.1943634748458862,0.01199160360309273,-0.0005429100380354157, 0
1.2049984455108642,0.008640843985745945,0.0003319477791080771, 0
1.214993667602539,0.021485814454762178,0.0017632266481712121, 0
1.2075977325439453,0.009419647890191816,7.004023463252906e-05, 0
1.2131182551383972,0.003801751750723613,6.293343816565766e-05, 0
1.1974042296409606,0.010081428798343338,6.892972294423315e-05, 0
1.1964193820953368,0.0037046058290185497,-4.2701418428237056e-05, 0
1.1995287656784057,0.0030388217391306973,-2.8753926807212336e-05, 0
1.2064633965492249,0.005833208193321218,-8.115694547683461e-05, 0
1.208904230594635,0.0169114356072646,0.0018652352266187223, 0
1.2131715297698975,0.010788536820879236,4.425886900207842e-05, 0
1.2136441946029664,0.02151405192816212,-0.0004158308899718577, 0
1.210968279838562,0.007182909056480381,0.00021276349074526025, 0
1.2099313259124755,0.003753085946437307,-9.665426714775548e-05, 0
1.2075103044509887,0.00963910011407903,0.0003916862753555961, 0
1.2056865334510802,0.007609804106839575,-3.142468854235858e-05, 0
1.2058270931243897,0.0029983578253548163,-5.257884657794422e-06, 0
1.2060100078582763,0.004093195454791212,2.721543262396154e-06, 0
1.207731008529663,0.001402982697909224,-6.8126409900060025e-06, 0
1.2080392837524414,0.004001426776045639,-7.98827234973487e-05, 0
1.2063364267349244,0.004036107300001419,-4.381357852309975e-05, 0
1.2064421892166137,0.005915647808596844,7.765726667798844e-05, 0
1.2056463479995727,0.0027105862039018946,-2.231063857891513e-05, 0
1.2060841560363769,0.00342227147898332,-4.073792874805803e-05, 0
1.2042770028114318,0.00294918723044197,9.541137787039132e-06, 0
1.2049431681632996,0.0026477538190820132,-9.670739062528355e-06, 0
1.2067695260047913,0.0026436163534014575,4.083294829371198e-05, 0
1.2063279151916504,0.0036164272418896443,-3.293600212828096e-05, 0
1.2049113869667054,0.0028651081086676867,1.1364044142680998e-05, 0
1.2049251794815063,0.0028603224850534707,-5.016099919430417e-05, 0
1.2057495951652526,0.001780707313967679,-8.453358843496516e-06, 0
1.205716061592102,0.001451263262217262,4.3462397627536086e-07, 0
1.2083112597465515,0.003895339643795778,5.496961255602173e-05, 0
1.2106313586235047,0.0025330536484320146,3.0898469431406285e-05, 0
1.2095800638198853,0.004454115616324255,2.2194734853542286e-05, 0
1.2073044180870056,0.0031622558739917285,-1.4196485203399334e-05, 0
1.2097288131713868,0.004298276703744811,-1.0889502084410191e-05, 0
1.2114381670951844,0.0033258754506423397,3.109979505069305e-05, 0
1.212389349937439,0.004093474392190037,-1.5661998276073064e-05, 0
1.2135679125785828,0.007907875589761597,0.0002817274339790288, 0
1.2068167567253112,0.008041044773699475,-2.0460211457873344e-05, 0
1.2085647583007812,0.006095351055970326,-3.7405956959446485e-05, 0
1.2122493267059327,0.006551056984433876,0.00016671201338738228, 0
1.2093238472938537,0.008655505478548094,0.00011569872481373979, 0
1.2087032079696656,0.010829121141767492,0.0004424528994690036, 0
1.2134520769119264,0.006170043130524499,0.00023460808096729125, 0
1.2062488794326782,0.003945266673335162,-5.3745633110224844e-05, 0
1.2087829828262329,0.004308181887836755,2.375878750626705e-07, 0
1.2072250366210937,0.003559931215265825,-1.3575537275301026e-05, 0
1.207520878314972,0.0065056106526317084,9.638397847453462e-05, 0
1.2085180759429932,0.0055596248001105655,-3.8485763505491376e-05, 0
1.2110223054885865,0.002307582480063898,1.0976794214911932e-06, 0
1.2096782445907592,0.002343592969266567,-1.149967862943413e-05, 0
1.2097662448883058,0.003265852166759601,-1.599206236448936e-05, 0
1.2084234833717347,0.00810439960824724,3.0169524917766922e-05, 0
1.2129031658172607,0.013026700068264627,0.0007370074376439105, 0
1.2096714854240418,0.013893508330900502,-0.0003328338065685443, 0
1.2161075711250304,0.004074456733681936,-6.301299876412258e-05, 0
1.21463303565979,0.0038793991216330994,-3.990897203607347e-05, 0
1.2161572098731994,0.0039739536767157265,-8.735406973556792e-05, 0
1.2159233689308167,0.006586751344240872,-0.00027526815518541525, 0
1.213215208053589,0.009719713633933785,0.00038355405336574225, 0
1.2172362565994264,0.020316073743531445,-0.000145401739365525, 0
1.2110135197639464,0.006023000773368904,0.0002563094037114411, 0
1.2117664813995361,0.002322233803048525,1.5122689561053448e-05, 0
1.214018666744232,0.002143001381231076,2.515503433784261e-05, 0
1.2144184470176698,0.002863653094625997,-3.3853444803355616e-05, 0
1.2117530584335328,0.003696733635954383,-2.0133207024741756e-05, 0
1.2113842725753785,0.0028714918961786494,-1.0405287048342874e-05, 0
1.2117030262947082,0.003063785032574277,9.763620001024267e-06, 0
1.2146448612213134,0.006050434546079842,-0.00016354033621155393, 0
1.2134881019592285,0.002596298057586935,-1.4886286209048194e-05, 0
1.2122628569602967,0.007286045666415443,-0.00029891447000949254, 0
1.2124290347099305,0.010781947366112226,-0.00015786668275694635, 0
1.2178163170814513,0.008506669443407559,-0.00026792087586926524, 0
1.201230800151825,0.015915919734280623,-0.0006433784113383467, 0
1.215180802345276,0.010347478631147445,-7.893636532116945e-05, 0
1.2118923664093018,0.005492782414723237,5.570692668754873e-05, 0
1.2108039498329162,0.005842528498561724,7.111153279169003e-05, 0
1.211409318447113,0.006947090414733985,-3.4474716117927086e-05, 0
1.2113931059837342,0.0033316107786154894,-9.290665460071084e-07, 0
1.210194182395935,0.004146127106104125,-4.977795983904797e-05, 0
1.207331919670105,0.005457074336005588,6.659113939520012e-05, 0
1.2103625893592835,0.013829758316855198,0.00017629237284353392, 0
1.2148668050765992,0.004248626902842784,-4.7694405958509384e-05, 0
1.211886203289032,0.004119753737223913,5.470071107680497e-05, 0
1.209462869167328,0.022747906389732293,0.0005256075384622249, 0
1.2062899112701415,0.01764333571235741,0.0007522736257584484, 0
1.2080976009368896,0.013627438698052382,0.0005919432810316037, 0
1.2085363268852234,0.011660994278515583,-0.0002891921580285839, 0
1.2101767659187317,0.012066421769783148,0.000141949462879154, 0
1.2050945043563843,0.021527361158086376,1.6401478410443806e-05, 0
1.209569239616394,0.00493914789910422,-7.153303662335022e-05, 0
1.2079513669013977,0.013990011233134314,0.00046697599621126074, 0
1.213078010082245,0.02191022271105121,0.0013249810313581633, 0
1.2107558846473694,0.009372422869795735,0.0003362567802511762, 0
1.2091858386993408,0.01043169368934677,3.943803389461209e-05, 0
1.2105715155601502,0.015363472326274639,0.0006613454990386459, 0
1.2064293384552003,0.013944235559960412,-0.0003419609367711018, 0
1.2130099415779114,0.0149628053867357,0.0009484533206020273, 0
1.2102879643440247,0.004821861205980797,-2.754028626839041e-06, 0
1.2116088151931763,0.0030881711278202065,-1.9896527669516216e-05, 0
1.2075653553009034,0.0035828831109730383,-5.023311993568312e-06, 0
1.208496642112732,0.004009477723436639,-3.851117301110208e-05, 0
1.20627521276474,0.0032729149191478334,-2.799576033538642e-05, 0
1.2075878500938415,0.0037206847898846184,7.111074395851346e-05, 0
1.2095343708992004,0.0029293957123173978,-1.6406443604921607e-05, 0
1.2095273971557616,0.004892879014316251,-4.310750293825549e-05, 0
1.2108171343803407,0.00122704146996062,-4.1946271224446715e-06, 0
1.207977795600891,0.012555736008850682,0.00042416398138698234, 0
1.2057893514633178,0.013688895161782583,-0.0005769140056258948, 0
1.2040435552597046,0.018510847743141805,-0.000913619842543767, 0
1.2051636695861816,0.019918507787306635,0.00014910160738281771, 0
1.2088384747505188,0.01469867412437139,-0.0006305390843706958, 0
1.2056719660758972,0.012478062982077832,-0.000423117952188079, 0
1.2076046347618103,0.007213093563176029,-2.0068905031678267e-05, 0
1.206894850730896,0.02663954749918115,-0.0004009293540775614, 0
1.206456196308136,0.015300453473607886,-0.0003922027373320703, 0
1.2065135955810546,0.019658137084726076,0.0007585323380027375, 0
1.2051620364189148,0.0328101940914912,0.001918607759874646, 0
1.1954280734062195,0.016249201954700022,-0.0004629631336356965, 0
1.2045430302619935,0.010190194842834059,-0.00033927765428956033, 0
1.2152090907096862,0.013235295925614381,-0.00026436086107963777, 0
1.2156715154647828,0.007831998943533376,2.0512495490265787e-05, 0
1.211491858959198,0.00573980342008645,-0.00011754831991908076, 0
1.2094484329223634,0.007663577758866799,0.0002189787932081799, 0
1.2093732714653016,0.010606820634709775,7.742904480920742e-05, 0
1.2037928581237793,0.008925914926510842,0.00015656071091143536, 0
1.2081155061721802,0.009973596072265417,-0.00036720429390300067, 0
1.2073338389396668,0.008202487870381553,0.00012787773063536176, 0
1.2089647889137267,0.005293989226306728,4.1073747554776224e-05, 0
1.2118768692016602,0.0050517576359660294,5.4127468871456585e-06, 0
1.2092445969581604,0.004530009637795454,2.7420928488197655e-05, 0
1.2089825391769409,0.005180050572244499,5.241023540349942e-05, 0
1.2055768132209779,0.01255442240016554,0.0005421711782403803, 0
1.2034294486045838,0.004672568504808694,4.950530225613648e-05, 0
1.2087151646614074,0.01802888416599323,8.472190623507467e-05, 0
1.2064354181289674,0.017582191148586022,-0.0010201569759033192, 0
1.2117640972137451,0.009684490056730527,3.472110604718637e-05, 0
1.206454575061798,0.0036077013175426333,7.07938855981638e-06, 0
1.2038134217262269,0.006685066242414557,0.00010440195195684509, 0
1.2058525800704956,0.010584384453610061,-0.00014217171953987415, 0
1.201311755180359,0.011305359414446886,6.7715589779027426e-06, 0
1.2067681074142456,0.008207880659548193,0.00017176660663267284, 0
1.2021114945411682,0.00825180595055082,0.00044394909715919086, 0
1.2042694091796875,0.0057492487456505936,-5.387475839313538e-05, 0
1.201077365875244,0.0028103215845151604,3.449010670806273e-05, 0
1.201666283607483,0.0036688011735596542,-5.061683590099619e-05, 0
1.2003669619560242,0.005316705751088423,4.4804644146267955e-05, 0
1.2025057435035706,0.0023196931010349762,7.649064799863936e-06, 0
1.2028375387191772,0.007457000340390658,-0.00013735993602779218, 0
1.1985588073730469,0.00875425149791977,0.00021968534282734709, 0
1.1987593650817872,0.008182160500791524,-0.00030088256429792185, 0
1.1979320168495178,0.006395107514247127,-1.3371431536768336e-05, 0
1.200418972969055,0.0055655472768410975,-1.4873732871478757e-05, 0
1.1975968956947327,0.015125429480329921,-0.00016416521053628228, 0
1.200793409347534,0.008759692507033217,0.00031853351517838744, 0
1.1956109762191773,0.002418394519227378,2.398009753221686e-05, 0
1.1948329329490661,0.00281943004250893,2.734022463215524e-05, 0
1.194218099117279,0.005470777119275321,-3.548465073066609e-05, 0
1.190976083278656,0.023401398385308338,-0.002222163055215276, 0
1.1931809306144714,0.018052561119670726,-0.0006968230816127628, 0
1.189953827857971,0.003320237670897506,1.2509172401564685e-05, 0
1.1921195268630982,0.0029315524504022633,-6.433996588839397e-08, 0
1.1913617253303528,0.005101972620958429,-0.00010422238164409237, 0
1.1934199810028077,0.0077115054188698455,1.8294186452294533e-05, 0
1.191303277015686,0.005991014219931038,6.843423228417578e-05, 0
1.1940064668655395,0.006777266250134274,-5.9044559824883444e-05, 0
1.1884248375892639,0.006057919051882042,-4.075812340573748e-05, 0
1.190345537662506,0.006839373915768877,1.2111956776550409e-05, 0
1.1929937601089478,0.010595450525123506,-0.00038623653998115515, 0
1.1913218021392822,0.023262989547975507,0.001373121152047929, 0
1.1896116971969604,0.01850281077624938,0.0008742510734776943, 0
1.1815685510635376,0.027616663851050886,0.0009397023120726546, 0
1.1960006356239319,0.008004718749486316,-3.7467294689008668e-06, 0
1.1917099356651306,0.007310140119334988,-0.00012596731669844985, 0
1.1884840250015258,0.004827889934463278,-2.2615096875711062e-05, 0
1.1930072069168092,0.00985008043684779,-0.00023476776538302598, 0
1.1918377876281738,0.020325051161886567,-0.0007893801542167012, 0
1.1919337511062622,0.018319928212976802,-0.002386697404148208, 0
1.2025521397590637,0.015963020301605232,-0.00023526398937434578, 0
1.1986875534057617,0.021433139429811326,-0.00012755086488880352, 0
1.1990620136260985,0.008916820204413745,-5.969134163876788e-05, 0
1.1926743388175964,0.011080341253695178,0.0002850750302698657, 0
1.1966086268424987,0.003093991593517669,-1.019745958643625e-05, 0
1.1948186039924622,0.006729972430595552,-0.0002842411213222818, 0
1.195089042186737,0.006749354406897968,7.357613920788708e-05, 0
1.1969477772712707,0.003401382447474568,-4.973543984334583e-05, 0
1.1945137977600098,0.005347889941570908,-3.590011023391071e-05, 0
1.1934005856513976,0.002562032742864437,1.326064480764444e-05, 0
1.1936025738716125,0.0022554020132806367,-1.4870035160186035e-05, 0
1.1928845643997192,0.004922597122513324,-5.1752133202853656e-05, 0
1.19258553981781,0.00412671109123087,-1.5591412358162417e-05, 0
1.1944800972938538,0.0024504752817105097,-1.1196707716010221e-05, 0
1.1919012904167174,0.007583648829820067,-0.000252863231379763, 0
1.1934154272079467,0.005494000104533587,7.035182732693101e-05, 0
1.1932931065559387,0.002859866243945897,-1.9720041949256027e-05, 0
1.1911080837249757,0.0077310992888017455,4.070363450523474e-05, 0
1.1926152110099792,0.0035342428008222296,5.410277900352867e-06, 0
1.193549644947052,0.0029539904680835976,-1.6892461432860268e-05, 0
1.19353928565979,0.0022053723959020006,4.401986467428286e-06, 0
1.191993486881256,0.012963624001970223,0.0003994583242516114, 0
1.198328185081482,0.011403435841370381,0.0002443360423484365, 0
1.1925950646400452,0.010073358468425138,-0.0001803624340155352, 0
1.1963884830474854,0.0033809554196901786,-2.4542093186141756e-05, 0
1.1936371207237244,0.006870492878690484,-7.55745638102212e-05, 0
1.2003040552139281,0.02568021268679818,-0.000816576574882788, 0
1.1908016800880432,0.0037865637994513607,8.351350011537306e-06, 0
1.1944463491439818,0.010997425015268335,-0.00020626989823426808, 0
1.1965644836425782,0.010260848793261746,0.00023205882883416964, 0
1.1926100969314575,0.006125867379306152,-0.00014164185312779407, 0
1.1943451642990113,0.004417288348141179,1.7471614967234907e-06, 0
1.1979692816734313,0.012582385016926862,0.0005040214342685091, 0
1.1910243511199952,0.010125373651987077,0.00044239824254646006, 0
1.1889979243278503,0.013527570866862912,0.00019250106628732055, 0
1.194101631641388,0.013883292302123021,-0.0003459689246270159, 0
1.1941276788711548,0.009229207724508087,9.169435571720896e-06, 0
1.190354859828949,0.008818536641549387,1.722630308762521e-05, 0
1.1931796073913574,0.005153637730672286,-3.937209581295065e-05, 0
1.189288330078125,0.007484799104724694,0.00032376519289414315, 0
1.1874736547470093,0.015065049010877758,-0.001259895495891783, 0
1.18874249458313,0.00460008638227995,-3.169908432312241e-05, 0
1.1897133588790894,0.013619591923751772,-0.0002931556654743872, 0
1.1909687042236328,0.00807437622715077,-0.00016303147143901243, 0
1.1922696828842163,0.010898095256269601,0.00019247976712222226, 0
1.1891103863716126,0.01469713332251511,0.0004817420526265437, 0
1.1937843799591064,0.0219665215284867,-0.0009115579628002024, 0
1.189710521697998,0.005881451479071782,0.00014410382292737726, 0
1.1905112743377686,0.005187527058085484,-0.00016869224072877387, 0
1.1933860301971435,0.004384643195846167,-1.6912785747535965e-05, 0
1.187045156955719,0.007317815629391659,-0.00012649812358489498, 0
1.1904804468154908,0.016578106493649054,-0.00045842972398304485, 0
1.1884193897247315,0.004654001403489852,-6.834830603850151e-05, 0
1.1919437766075134,0.012259900634270833,-0.0008528683795830716, 0
1.1886417627334596,0.011027757746693767,-0.0002925195686373171, 0
1.1892500281333924,0.007956636717848936,-0.00019405857848511234, 0
1.1912114500999451,0.005439328872139412,-8.02049947040473e-05, 0
1.1918984651565552,0.008717945125717858,3.5745465709169366e-05, 0
1.190064013004303,0.006563607341313301,-0.00015460029778324724, 0
1.1914522767066955,0.007926746632636523,-6.657184519696103e-05, 0
1.187741470336914,0.010217678174884563,-7.183993897683646e-05, 0
1.1913861632347107,0.008592845986228965,-0.00041169121079320803, 0
1.189488708972931,0.005660845757181632,7.488812600087158e-05, 0
1.1912284255027772,0.012433308092527798,-0.00048492834502980033, 0
1.1921527147293092,0.007043371985732472,-0.00023804256199468912, 0
1.189355993270874,0.007345013311660833,-1.6349782447377956e-05, 0
1.1900312781333924,0.006189778787339273,-3.454565246983067e-05, 0
1.190306806564331,0.0030692661400355354,6.992575970343749e-06, 0
1.192750871181488,0.00436848240509833,8.677633850595612e-06, 0
1.1915392637252809,0.004207151198209778,-7.810459530901428e-05, 0
1.1906521677970887,0.004229890589976324,-3.918640716307209e-05, 0
1.188450241088867,0.00383302167998669,8.682322823858613e-05, 0
1.190279483795166,0.0048615626325925355,-0.00012919680401068945, 0
1.1906286358833313,0.00208968264088147,-8.466136976892358e-06, 0
1.189170479774475,0.00778707717770956,-0.00012415644989971497, 0
1.1904523491859436,0.009269123699454842,-0.0002051107639161387, 0
1.1939231514930726,0.00683394441093896,1.2608679840298001e-05, 0
1.1930413961410522,0.01372227597450463,-0.0005995677295317136, 0
1.1905693650245666,0.00553583301589422,-5.6784765702388996e-05, 0
1.1877941608428955,0.008011703151427674,-7.133457527572775e-05, 0
1.1914068818092347,0.002831326483228276,-2.6834988459256694e-05, 0
1.1897773742675781,0.006360198832345901,-0.00011376514939342997, 0
1.188913106918335,0.008404784019534497,0.00012703566532934474, 0
1.1911921381950379,0.0051367267475764386,8.099396764293937e-06, 0
1.1932087182998656,0.003982292764617325,-5.4138861065666796e-05, 0
1.1903591632843018,0.00500616783469472,-0.00016978451530178516, 0
1.1893365859985352,0.01058855149353916,-0.00025364852411655645, 0
1.1905068159103394,0.005975743166491325,-0.0001820224428001893, 0
1.189162266254425,0.006353949555382968,-0.00013086418648953214, 0
1.1891323924064636,0.0072615957921081005,-0.00017410678609763863, 0
1.1876422047615052,0.006959799229510921,-0.00011469431074004888, 0
1.1847960472106933,0.0030855135783848255,-3.1289839711234877e-06, 0
1.1867868304252625,0.010982603034931026,-0.0006100220605205209, 0
1.1853086233139039,0.006585661451141901,7.231471481929932e-05, 0
1.1939757823944093,0.011098771622712136,0.00014239749895637036, 0
1.195258903503418,0.024797631241325276,0.0005965257462094086, 0
1.195705771446228,0.017055029757525368,-0.0013537349258427867, 0
1.185753858089447,0.019724425404960045,1.041503512198006e-05, 0
1.1955760598182679,0.008568956602588563,-3.001999451299753e-05, 0
1.1908498048782348,0.005150984838248407,-2.7654425855416773e-05, 0
1.1936332702636718,0.006430327523226819,5.461430156685764e-05, 0
1.1919933915138246,0.0033972747820939678,1.6167773453901183e-05, 0
1.1841676950454711,0.007562072052099614,0.00017447416985874042, 0
1.1854735732078552,0.0053759084678926625,0.00012107866150614658, 0
1.189479613304138,0.004303767984729473,-6.782772657345503e-05, 0
1.1902083158493042,0.005045034071530914,0.00010318509620788063, 0
1.1902872920036316,0.004285950802723571,-5.139349050153896e-05, 0
1.1866761684417724,0.006626293894062369,-8.68315070533754e-05, 0
1.1870571374893188,0.006152200402309942,-0.00030757834278460905, 0
1.187081515789032,0.00878113454835477,3.278755473701267e-05, 0
1.1914673686027526,0.029226277952546263,-0.0029852580306894082, 0
1.182474184036255,0.010100081738730263,-0.00011098681285091062, 0
1.1826662302017212,0.010967144796505558,2.5950017820264274e-05, 0
1.183291208744049,0.007255369177721823,1.95118622897894e-05, 0
1.190984582901001,0.0064341600374445175,6.443557736588446e-05, 0
1.1862297296524047,0.00871717499395411,-9.719861882331315e-05, 0
1.188221025466919,0.004024658603184097,-1.0079439883270423e-05, 0
1.1881048798561096,0.002804975360857389,-9.424092625920368e-06, 0
1.1907413005828857,0.003050505361559895,-2.9369866012984858e-05, 0
1.1897581100463868,0.0023407529649452064,-2.4611772695948274e-05, 0
1.1870569825172423,0.0022550568523062517,-1.0297206641496357e-05, 0
1.1864774584770204,0.002841890515210746,-2.8022983654807378e-05, 0
1.1877146363258362,0.002424086467934729,-1.3510954843809486e-06, 0
1.187555193901062,0.0035356879241347674,1.7657184699260142e-05, 0
1.185862398147583,0.013638179622755014,-0.00039580776699779104, 0
1.1868203639984132,0.005833343354634107,-0.00012486097106148008, 0
1.1863915920257568,0.00684993563315966,1.2335588550627108e-05, 0
1.1882824778556824,0.006313682105183646,-0.00018771643789392556, 0
1.1911181688308716,0.0073257098734792764,-4.149616121083e-05, 0
1.1882928371429444,0.010097284853722249,-0.00016265490419300476, 0
1.1899989724159241,0.006781378301736645,-4.151062121735549e-05, 0
1.1892538666725159,0.0036084674569015103,2.00554727101121e-05, 0
1.1877850890159607,0.004589819528567326,-7.786545422305835e-05, 0
1.185749852657318,0.0040808168917795175,8.106396033866758e-05, 0
1.1839716553688049,0.0034641424341298297,-5.929548827197096e-05, 0
1.1879367351531982,0.003743712539232513,-5.452282990745515e-05, 0
1.1850698351860047,0.003444649243173959,-8.40027374096053e-06, 0
1.1840648531913758,0.002976712850322835,-7.111053720620934e-06, 0
1.1819504261016847,0.006905525927814541,-3.5234124374028385e-05, 0
1.1855387926101684,0.002299451259185956,-9.798091929269501e-06, 0
1.187680995464325,0.0024077489787557634,7.416695568451815e-06, 0
1.1828332781791686,0.006744235189146568,4.271045428083655e-06, 0
1.1904680728912354,0.009359114704243924,6.011708819642081e-06, 0
1.149514091014862,0.0017123393765024826,-9.605110052746112e-06, 1
1.1490130424499512,0.0023696282491481946,1.631622180298109e-05, 1
1.1489914774894714,0.002866249728378578,3.3758695677477137e-05, 1
1.1458274364471435,0.003677454782920452,5.039970084794732e-05, 1
1.1497567415237426,0.003012801997276134,-1.1405841485156996e-05, 1
1.1470611333847045,0.003226453806392174,-2.376790164362319e-05, 1
1.134406578540802,0.04194954474227649,-0.0011162845332691519, 1
1.283392357826233,0.25160528649293973,0.366460923649106, 1
1.2459948003292083,0.8633011023342134,-0.06088193560280827, 1
1.1502505123615265,0.1600997940250221,-0.1343575887361542, 1
1.1488747894763947,0.37337130867504986,0.8368024669152714, 1
1.2494479179382325,0.6493112811367932,-2.079261586356173, 1
1.3242042124271394,0.29044396559436997,0.3607377107476847, 1
1.2421695291996002,0.5189595756829152,-0.10401631263142441, 1
1.4927995085716248,0.35674482559903253,0.6831933517355807, 1
1.2163728535175324,0.7967393283699756,0.06658199719066693, 1
1.2947890400886535,0.20963110320996867,0.23005375023306984, 1
1.2792033016681672,0.7249088165098473,2.628026260738835, 1
1.2942408561706542,0.621713949903786,0.11906173998085522, 1
1.3389698326587678,0.8504753364241735,4.488921839560584, 1
1.5398399710655213,1.0758677099311602,-1.435732149839561, 1
1.412222695350647,0.785990826236484,2.7509568053563944, 1
1.7557386875152587,1.7086751125904607,-5.787008967058211, 1
1.5807105720043182,0.6647665103847128,1.5571687194507895, 1
1.2809651643037796,0.94194115027789,1.6868484776380401, 1
1.563108652830124,0.5261929402248274,0.6228228433229273, 1
1.328915324807167,1.1308274444527573,0.1372947655211263, 1
1.425275057554245,0.46960990228127697,0.6433738618302893, 1
1.6765454232692718,1.2335031128446683,3.205204547690867, 1
1.1712381839752197,0.318048445212545,0.01925283930177102, 1
1.171323937177658,0.6687337744070065,2.606335714245706, 1
1.6135016322135924,1.2105935672943415,-1.7247965792521411, 1
1.4274483531713487,0.9680096782734671,5.657348330554823, 1
1.5768557846546174,1.228284878710177,-1.53903430960608, 1
1.4823413997888566,0.8548022917848856,3.9394011963355005, 1
1.7027101457118987,1.423223738670667,-3.4961077146448645, 1
1.5174219101667403,0.6245135620468439,2.157297590303361, 1
1.257038950920105,0.597814313984536,-0.07715256688411998, 1
1.5771774768829345,0.5171824248668585,0.86314696848425, 1
1.3907393634319305,1.4886618740475916,-1.3855822213002713, 1
1.646097582578659,0.5187534633620029,0.5394033042116431, 1
1.3273879259824752,1.0359962112944092,-1.8146502525308534, 1
1.4607110261917113,0.4872165111717227,1.562839771050468, 1
1.4387978076934815,1.3071963354978797,0.4178823814481676, 1
1.61097292304039,0.7494146247140111,2.0972871683820857, 1
1.2845826163887977,1.0719064790824315,3.382121263259037, 1
1.6166023313999176,0.6263144967127897,2.3356628706638656, 1
1.235770057141781,0.8617380929043644,1.5127008608898125, 1
1.5988334715366364,0.5110555922227515,1.8171852355465017, 1
1.0741422444581985,0.5358600524754862,1.2549900958354174, 1
1.4466832101345062,0.43567135978999766,0.3422452636327162, 1
1.230785173177719,0.7089957037633625,1.471103537196289, 1
1.3643675655126573,0.6284129395030281,0.5218346551388529, 1
1.4472986042499543,0.893008787873667,3.78468708605475, 1
1.2044934809207917,0.47176651222615273,-1.037914015423556, 1
1.333048266172409,0.695325193192424,2.5720120154329535, 1
1.4017567753791809,0.6607137916424383,1.0650825183504633, 1
1.5698082223534584,0.93866346456097,3.855718992184632, 1
1.6047751277685165,1.4186073874799159,0.4109016918856835, 1
1.5835625678300858,0.8136572264224519,3.922908129105588, 1
1.705183219909668,1.7072989021734097,-5.309706042069636, 1
1.5078895688056946,0.6965263410008914,2.6232750810177734, 1
1.255742645263672,0.7051469394865435,-0.5445148083491405, 1
1.4741203367710114,0.4289097141860303,0.37504079360349285, 1
1.4235936552286148,0.915070303476674,2.9651776464492094, 1
1.3285022258758545,0.47989473061821986,0.7916301377422726, 1
1.4769598364830017,0.8272869905323732,1.7671901437705746, 1
1.2365083336830138,0.2998828636615403,-0.19288178503947367, 1
1.4938652724027635,1.1111739536819998,2.8022601668637366, 1
1.2674050450325012,0.3534147738512647,0.1608057846560897, 1
1.652997875213623,1.1598629065698438,7.358661603820089, 1
1.2159404456615448,0.5519245868187148,-0.2319155050713153, 1
1.3661691665649414,0.8217731987778786,4.6342685143629385, 1
1.5989045798778534,1.1283366160022306,-4.032909261664374, 1
1.422293858230114,0.8891304209017716,5.559706351650492, 1
1.4779445260763169,0.6504586209483176,0.4849522670097173, 1
1.3976089656352997,0.8580729393765038,3.6855253239341037, 1
1.570356658101082,1.2646986661673891,-4.270717344858301, 1
1.5655851304531097,0.5742534940698159,2.207369793671297, 1
1.1665819704532623,0.8513648442008651,0.9984163296383188, 1
1.6221565842628478,0.6475135980464793,2.6346638235955604, 1
1.3129116207361222,1.0744281923554342,3.9436545265585643, 1
1.5276176691055299,0.5790194018916398,1.1640440471435285, 1
1.6104700922966004,1.2542438845261517,5.7592279499714, 1
1.2608450055122375,0.46158811035372416,-0.08542746853844818, 1
1.522969524562359,1.3344265561143405,2.4924805657271936, 1
1.2697531521320342,0.6408269734269882,-0.7384434100994783, 1
1.4344114512205124,0.8498177562751685,4.881029165711472, 1
1.3269413650035857,0.47414264437621084,-0.7355141931688965, 1
1.413641095161438,0.6548799058502806,1.4340017802130092, 1
1.3439437240362166,0.7416801408676917,0.3645100215969271, 1
1.5304872512817382,0.5112490778450499,0.9724694937403968, 1
1.1418038964271546,0.9426478147565946,2.923309388345609, 1
1.2863937854766845,0.23282426864635236,0.2978824942288917, 1
1.3228321492671966,0.7286089697839543,1.8238314355348495, 1
1.3305658102035522,0.7413605928984586,0.10779976090212884, 1
1.3207142651081085,0.6679782019389919,2.7550675089831653, 1
1.46768516600132,0.7583922029387647,-1.7317681004073362, 1
1.4177986919879912,0.5835030645484326,1.3459403840973463, 1
1.296186923980713,0.8459072498910092,0.6697682353477461, 1
1.4987212121486664,0.5189437206413654,0.46126365754076026, 1
1.3728872805833816,1.1201764243696308,0.4446518893772089, 1
1.248911625146866,0.40038892341140375,0.22247663878454882, 1
1.5362614333629607,1.3931267471007978,0.5874107480618956, 1
1.2257196485996247,0.5180370985335823,-1.2385330012087896, 1
1.3107387363910674,0.960059691398487,4.0500147401858575, 1
1.6807975828647614,1.219148749386914,-4.173185936094519, 1
1.5018176913261414,0.6386485840680001,2.374165163166614, 1
1.3829726159572602,0.8573166639770365,-1.6285875301197699, 1
1.627760398387909,0.6146895116280613,0.6904061254034973, 1
1.289942166209221,1.2439794267678124,1.6408515765541434, 1
1.5719729840755463,0.6525325130150312,0.9242246267202927, 1
1.6990704089403152,1.5927251032052794,-0.04935394495582468, 1
1.2139462411403656,0.4827281010022428,-0.014116442582028987, 1
1.4412720561027528,1.1612894573617474,2.971149394106154, 1
1.2697254836559295,0.473898150532971,-0.9074597765626286, 1
1.2299473345279694,0.5564817804335583,1.1514370783859103, 1
1.2914922475814818,0.4761272889311916,-0.8441081030788156, 1
1.3801624119281768,0.4003192744109174,0.7379462029330878, 1
1.2828847646713257,0.8394246068986413,-2.864622470615684, 1
1.3344481408596038,0.2802338922766951,0.43956072969449556, 1
1.247457253932953,0.6701384993395767,1.2336906766979807, 1
1.3424211025238038,0.7723583826496769,-1.1056584498761326, 1
1.3128757327795029,0.7889890073638844,3.2354324676532134, 1
1.5538162231445312,1.2243614154757094,-4.814311242183286, 1
1.5123014152050018,0.8601415454655894,5.0731688146115115, 1
1.4020996183156966,0.746293351332017,1.5327592640543797, 1
1.6252574622631073,0.48230724058204766,1.118625236912953, 1
1.2495163947343826,1.2380082185687469,1.3100187220412405, 1
1.3765022814273835,0.45819122168534265,1.0429435035041688, 1
1.3689577370882033,1.1185339751186123,1.686176274218926, 1
1.2521519720554353,0.31513096543395025,0.2072229923647907, 1
1.3727125227451324,0.6806217005422704,2.053635527720955, 1
1.399427580833435,0.6927951661139546,0.39131069408786207, 1
1.4970037519931794,0.6952479822607538,2.080602047229771, 1
1.4290438652038575,1.0794197549787232,-3.7871848086335533, 1
1.5421370804309844,0.39109358766980656,0.3337581882867863, 1
1.2404062032699585,1.0365036414083075,1.395828180354839, 1
1.3237625896930694,0.29429872240220656,0.2899589768469891, 1
1.232025247812271,0.6164439010853784,2.7671879953136487, 1
1.348478364944458,0.748801820955532,-1.0538395039007487, 1
1.3256698429584504,0.5724479482676724,1.8122111739362803, 1
1.3762794107198715,0.8086912389723735,1.1331871545813854, 1
1.5200696229934691,0.39697258925984197,0.849051042567035, 1
1.3571121573448182,1.3482654326032346,-2.238446681438889, 1
1.3529946386814118,0.4109444171133819,-0.023571561751022624, 1
1.3298748850822448,0.7269403084757283,2.1988387568872074, 1
1.4362805992364884,1.2768760040996892,-5.952305437373849, 1
1.3865712702274322,0.5660289664158177,1.873880591978914, 1
1.4320578008890152,1.00647520670226,-1.8810892268148562, 1
1.5235430121421814,0.41388428839342545,0.32238712237309963, 1
1.175013655424118,0.588365505176336,0.4257340794573138, 1
1.356545227766037,0.45724688769449273,0.8043868555146472, 1
1.422977125644684,0.8647330280718399,4.1727114711924544, 1
1.1395503342151643,0.21807411919459888,-0.043225701994750315, 1
1.3761820077896119,0.6334374369353811,2.3515159021763368, 1
1.4442232966423034,0.8997553646598297,-0.8709497039837557, 1
1.4827884912490845,0.43457968385663664,0.39568621179498675, 1
1.321285319328308,1.1356874917817492,2.0671765066577423, 1
1.3605482280254364,0.36705114652028664,0.8786279057742572, 1
1.2350143373012543,0.5720402247390812,0.8190399554976902, 1
1.2818720817565918,0.6380492159344375,-1.0059890597244787, 1
1.3269023299217224,0.6627695876433904,2.2026200251092396, 1
1.4272095024585725,0.8805335189712155,-1.210420111960609, 1
1.5630748301744462,0.7909905511420673,1.9394182689201853, 1
1.270737451314926,0.7562197963540859,-1.124962695218844, 1
1.295049262046814,0.2241567334034892,0.3232648515251015, 1
1.3340235590934753,0.7232014997411582,3.091031007015382, 1
1.1790238618850708,0.45502250315292114,-0.7749340935522326, 1
1.3453141033649445,0.7178533125016066,2.0437553627278473, 1
1.4985972225666047,0.810259607508439,-0.15143872647834972, 1
1.4517547845840455,0.30431651944717286,0.5261983971704552, 1
1.2031867384910584,0.7987477651239373,-1.0772329350404153, 1
1.313809084892273,0.3522206621918065,-0.4064862762473724, 1
1.2777150809764861,0.7206047324120141,1.575096060446949, 1
1.2409940958023071,0.45342301784203737,-1.0347194998061298, 1
1.4439853012561799,0.6668556058016115,2.501154065842453, 1
1.4448744297027587,0.9515225271092411,-1.4244246374063452, 1
1.5996442437171936,0.5231073173866755,1.3256567877715817, 1
1.2570538610219955,1.2038781336854019,3.188324666660077, 1
1.3222964227199554,0.3469822291846747,0.6603854625143238, 1
1.5346493363380431,1.0569950113815185,5.820794893871576, 1
1.2517908692359925,0.43614825457593054,-0.16635293374649293, 1
1.2297138035297395,0.7765654030033131,3.5244223351276354, 1
1.5080047428607941,0.7436078729062977,0.33728261744644455, 1
1.5776082456111908,0.6604123771302215,1.8342448929075599, 1
1.2850587964057922,0.6913799362426581,1.8115305995297168, 1
1.4461624145507812,0.46925064181340537,0.6220560977275568, 1
1.4236928254365921,1.0160489416257878,2.252369857845976, 1
1.1930734813213348,0.4327317233553889,-0.37918635176937165, 1
1.4869360327720642,1.1834602242682613,2.938243921821593, 1
1.2633899927139283,0.4614764584074253,0.17778704950842658, 1
1.3195886671543122,0.6461525475052745,2.200924567925053, 1
1.4546085983514785,0.7708210944388277,1.9095480157568465, 1
1.5818974733352662,0.5516791845204485,1.5183426405024478, 1
1.2256492614746093,0.8946116831675476,1.89156537636457, 1
1.3418348491191865,0.3262438893214988,0.6590306396725648, 1
1.5531210094690322,1.116586019081659,5.4334959523983235, 1
1.1465704143047333,0.26513067310879973,-0.2596738259186129, 1
1.3405975908041001,0.798695082804867,4.26564311932143, 1
1.4796264350414277,0.6813058612769227,-0.9770045660511315, 1
1.515353512763977,0.43772310417223265,0.6578505009259233, 1
1.2663151413202285,0.8600276914900556,2.2235787257500848, 1
1.4936199247837068,0.5218324896503121,1.0830787535826967, 1
1.5046737104654313,1.2348499012652059,1.9479572007197787, 1
1.1749583184719086,0.3611259383662925,-0.043697518982563466, 1
1.3593785554170608,0.9192372060364356,2.9400539707363516, 1
1.3893948018550872,0.7507154816022142,0.7354425518031003, 1
1.4193497121334075,0.7053780636209676,2.21527388706539, 1
1.3411097168922423,0.6379000503110588,0.7534762772585119, 1
1.6065860152244569,0.494651391413946,0.8718474270490489, 1
1.2529499024152755,1.0232637006746461,0.6861976361985382, 1
1.5614004373550414,0.5589215624700751,0.7410821411361802, 1
1.5475801348686218,1.2827021936075147,4.228957756362285, 1
1.3657109975814818,0.5977137383365121,-0.02638701853987724, 1
1.261735051870346,0.7396197463670495,3.8588197367102364, 1
1.3364758610725402,0.7814558126106977,-0.9735901981818899, 1
1.3673046350479126,0.6825218811411372,2.145804079294775, 1
1.4237058013677597,0.810941836114582,0.7718708239533973, 1
1.5411903738975525,0.5029220121611879,1.2429893522501865, 1
1.4350623816251755,1.4211768160378835,-1.5166911506814815, 1
1.499122029542923,0.4728283884164058,1.509499414365869, 1
1.2588090926408768,0.8146346585806543,2.1731129453594478, 1
1.3920464515686035,0.3830133168584781,0.30825422215585263, 1
1.182740369439125,0.754926565468,4.1225864858436605, 1
1.3291493564844132,0.6949520584105151,-0.1471069276309444, 1
1.3305101931095122,0.6795509859203622,3.065523523781862, 1
1.5238691091537475,1.084520980307,-1.267241035285005, 1
1.5501525402069092,0.7270338197571753,1.9255610260083245, 1
1.4282345473766327,1.1884559842833409,-2.7563218274386063, 1
1.370126634836197,0.38928609496502337,0.8907079517290821, 1
1.2567479491233826,0.7215054661405693,2.087852647314284, 1
1.360597488284111,0.9025110382604838,-1.5626272004333261, 1
1.2418923556804657,0.7367757950385639,1.4775814070820634, 1
1.52582089304924,0.9719368726638871,1.1053630991610215, 1
1.4866096019744872,0.6300342645871364,2.217005059130082, 1
1.3693202793598176,0.9230564610505426,1.7655091832208671, 1
1.607335388660431,0.6997477039841692,1.4364668237716458, 1
1.1983433604240417,0.8937556957754957,3.0515092879422387, 1
1.2973750174045562,0.3950538181508267,0.7005338363894464, 1
1.3895321041345596,0.8353796745692662,4.535709330976817, 1
1.2646005928516388,0.42849328096704886,-0.3749527983112944, 1
1.3408101618289947,0.8000777999652959,3.38081974404236, 1
1.5729147642850876,0.8911004212895857,-0.5174673733569635, 1
1.5137791633605957,0.589997440916556,2.3174203326477283, 1
1.1784077435731888,0.7288320248358348,1.3350162880584011, 1
1.3151861071586608,0.3135029163703879,0.6063045240946551, 1
1.2955171167850494,0.9075667409984439,0.9297449356859797, 1
1.3911733150482177,1.0735870658108908,-1.8284558534793198, 1
1.25262091755867,0.7114275577166042,2.601895793402097, 1
1.5348804593086243,0.960402756664171,-2.3301060364727384, 1
1.4915708363056184,0.5299930975887628,1.2788065208141997, 1
1.417040655016899,1.072112987235572,-1.3887250598091905, 1
1.4701058983802795,0.6221082978381439,0.7506971953988838, 1
1.3382812559604644,0.9603427043197005,1.9369710419389363, 1
1.2315333962440491,0.34153880683943755,-0.08988076445375412, 1
1.4084035754203796,0.9377599121506465,3.969970889164606, 1
1.2570672750473022,0.5289371815432716,-0.09702282127302336, 1
1.3704624801874161,0.8248779630216122,4.515114036633497, 1
1.4955891370773315,0.8441822640383619,-0.6203986604460994, 1
1.514191108942032,0.5038068054849816,0.4034180215426316, 1
1.281087201833725,1.126211159517222,0.568759223068487, 1
1.3635948300361633,0.3581977705893683,0.6472308255308192, 1
1.3630769670009613,0.950576171281275,2.8491957352229313, 1
1.419136154651642,1.0134265449690965,-0.9360159212462817, 1
1.3094397902488708,0.7860310922046287,4.540537700858584, 1
1.7265345275402069,1.4438953113639412,-6.25258933116891, 1
1.4565766960382462,0.810902496904079,4.728384694944459, 1
1.4021124601364137,0.8751936968484891,-1.2660135945990647, 1
1.7098191678524017,0.8970157100581461,2.553949452259742, 1
1.3196140468120574,1.0124319583093195,3.894360204380039, 1
1.5509162306785584,0.7182904324967362,2.3553447079644148, 1
1.1793119937181473,0.6490057907818121,2.566980825859103, 1
1.200390526652336,0.4204728891214581,-0.3600336546446286, 1
1.249313360452652,0.7472318729502182,2.810805744534534, 1
1.6941896557807923,1.0843540009403616,-1.686208491647621, 1
1.1233066201210022,0.5587643284778082,1.5361671917469217, 1
1.4306584179401398,0.875160117981384,-3.058187873179779, 1
1.459017053246498,0.6490688351700943,2.7292286970143382, 1
1.4037807166576386,0.9294576460592332,-0.20791156859918627, 1
1.5846890568733216,0.5486555198530975,1.9457306943413903, 1
1.2602895230054856,1.0033519938311197,3.6517281485884396, 1
1.3522799789905549,0.4469666500938498,0.847805802267349, 1
1.127970004081726,0.31320572258394835,0.07762233078862622, 1
1.297337156534195,0.5245501038804655,-0.4940178516617481, 1
1.3545937240123749,0.5299919105461779,1.6050625479105118, 1
1.4262754499912262,0.8211549469318478,0.8227061944909447, 1
1.6847694873809815,0.5414914169106759,1.2556071078759259, 1
1.280745905637741,1.129572046369889,3.206565293449767, 1
1.4216680467128753,0.464215185022779,1.207363490876396, 1
1.3615686804056168,0.9926194398767465,2.5995860309337955, 1
1.4824925541877747,1.2437793988317654,-2.0011010896748562, 1
1.4716278791427613,0.9053365951201129,5.735257662651668, 1
1.5546407163143159,0.8504317762543917,-0.2294519192060566, 1
1.5581085979938507,0.5236570739708195,1.0659012570279298, 1
1.3683039575815201,1.3507150735457418,-0.9586759568865857, 1
1.3668024241924286,0.400701342143564,0.7692174695053051, 1
1.396678239107132,1.145070727298076,1.560269801047391, 1
1.564259546995163,1.4597821930928725,-2.005214180308112, 1
1.3156434834003448,0.8146424700158091,4.3380078464315135, 1
1.699664181470871,1.2914532080877648,-3.5143596581972933, 1
1.4900819331407547,0.7071856795179845,3.549675808843984, 1
1.3987926363945007,0.9605216202649529,0.19736294653735242, 1
1.6233849227428436,0.6308855577555345,1.318318641806263, 1
1.2828550904989242,1.1314629400149028,1.5902532718802351, 1
1.551378071308136,0.5907966778187971,1.1553870706170777, 1
1.6795353055000306,1.5346995470912175,1.666171553350255, 1
1.2079237520694732,0.48856040248646104,-0.18057562375546943, 1
1.6077372312545777,1.4385075924215196,3.405652753192288, 1
1.2870703101158143,0.8803259631067505,-1.3819344909737465, 1
1.42526473402977,0.8876672643624924,5.407665033457459, 1
1.6300098180770874,1.0458270246832517,-0.04730756892789656, 1
1.4145754635334016,0.36624523911122076,0.5196813501903885, 1
1.251869523525238,1.0479424264255444,-1.2542267497119004, 1
1.3342948496341704,0.36784243682492207,0.7568658806594822, 1
1.3497026652097701,0.9319812062829369,2.8477965103156313, 1
1.3134897351264954,0.6981717899578537,-1.0281501527604426, 1
1.2951394379138947,0.9008700657268467,3.5373309378807813, 1
1.6283772557973861,1.3487832980601362,-5.574711539722816, 1
1.4343709588050841,0.7472719281277513,2.887730938762066, 1
1.4340080201625824,0.8522174456478474,1.073749807378459, 1
1.5487246751785277,0.479615564025897,1.1930300794821789, 1
1.2329652816057206,0.8678654432861829,1.112272355784758, 1
1.2110257506370545,0.3970608557820333,-0.6779024769835531, 1
1.3727408677339554,0.8874740713755309,3.352170309643274, 1
1.3314811706542968,0.6702306702876478,-1.931900655885344, 1
1.4407334119081496,0.5935429836744771,1.812434194498068, 1
1.5799403131008147,1.3258415285854472,-1.2997908845368902, 1
1.3837976336479187,0.3510149166651346,0.1895379433481409, 1
1.4059475123882295,1.0598971155681747,1.0354896648769196, 1
1.168102651834488,0.29899898508851824,-0.18078288797303976, 1
1.2048936992883683,0.7405825872219686,2.772071998995553, 1
1.6270546078681947,1.2807607552756162,-3.537370538291312, 1
1.4222701609134674,0.5851203871097213,1.7035519792945206, 1
1.4125761598348618,0.9011440011775187,2.2306952016526926, 1
1.5492965638637544,0.6189312569282966,1.3611184053819154, 1
1.2351810425519942,0.979779998572848,0.8674948356988895, 1
1.4618939995765685,0.35741619737857894,0.871687757024803, 1
1.261027705669403,0.7938322803955873,1.5052649931863002, 1
1.2821530044078826,0.6013035978948928,-0.8459823367672359, 1
1.2907049626111984,0.8321613995612499,2.881773620490703, 1
1.3848011314868927,0.7342062563031305,-0.8542602187291339, 1
1.4678536474704742,0.5828545375834675,2.0301846113876003, 1
1.3220711588859557,0.7754732659095557,-0.9263107239349451, 1
1.448116910457611,0.3771273732880669,0.06357132579353075, 1
1.3731368005275726,0.9880598664352831,1.6483044964884106, 1
1.1795836001634599,0.4374539090502526,-0.41971747198270454, 1
1.5211416900157928,1.2542309924512915,2.3301029292218622, 1
1.211714857816696,0.3685513754456178,0.009854460695812495, 1
1.3757175505161285,0.757740061749065,3.2454742899757596, 1
1.6449708580970763,1.3110014286602283,-5.744539615066826, 1
1.5155184626579286,0.5956015360301474,2.110563895662499, 1
1.1390784144401551,0.5940167759308045,0.6480186047983818, 1
1.3722866654396058,0.3139519693209397,0.5372849389982534, 1
1.2974976032972336,0.7368042077265738,2.9273766914480586, 1
1.3671581268310546,1.1076418438971032,-3.2146927359297104, 1
1.3618896543979644,0.6430223716665336,2.1919825796034966, 1
1.4486951798200607,0.8958364681675971,-2.165275662313679, 1
1.5533022165298462,0.2949681453957931,0.47723335303766706, 1
1.1638584285974503,0.5678311933456893,1.7629884067540345, 1
1.1947433352470398,0.3619383411376144,-0.45652476644775675, 1
1.2185160607099532,0.7539268875832006,2.45602844162194, 1
1.5312802076339722,1.0034578290915774,-2.5128490778574797, 1
1.4793384104967118,0.7442867213276363,1.215980877212633, 1
1.558024823665619,1.3568018309085113,-3.6863692600100384, 1
1.5332929015159606,0.5677343310572691,0.900344153485046, 1
1.4487663805484772,1.236575735725543,2.0222478067798892, 1
1.1246709167957305,0.40515304195102764,-0.48411226401453816, 1
1.4266174167394639,0.8871476924119573,5.314781495577235, 1
1.3343854904174806,0.5897955337659873,-0.08509053798319714, 1
1.4198181569576263,0.4136655047162769,0.86931300231474, 1
1.4674807161092758,1.2265930776705631,-2.803604868818041, 1
1.4420860350131988,0.4989739349855485,1.6576134922282006, 1
1.4265981763601303,1.180026568944096,0.7111953894231384, 1
1.1180358350276947,0.2749528876194357,-0.16317097913038803, 1
1.2308091640472412,0.6981289750454126,3.0013178776075784, 1
1.5311998963356017,0.9128493954173773,-2.0104201914148927, 1
1.5179202467203141,0.5624114290973613,1.7648189822659193, 1
1.4995189875364303,1.333487714712071,-0.5622477407875509, 1
1.492916989326477,0.4761760256593602,1.3895053832065032, 1
1.3611938685178757,1.2942716474083886,-1.249990833335757, 1
1.285358989238739,0.4854766935545389,0.3898923326163462, 1
1.5085666805505753,1.0723187975992001,6.831035038120629, 1
1.2449745833873749,0.735163725250629,-1.947389104169675, 1
1.379313549399376,0.7046115309724175,2.6845709559040634, 1
1.5536515712738037,1.0390297251654326,-0.978440428483367, 1
1.6384909927845002,0.7036856107178875,3.171399030389811, 1
1.2496785759925841,0.9212123967119084,1.3515239439791196, 1
1.2645850479602814,0.3327937547569482,0.18582541057403823, 1
1.2848894715309143,0.8539657415032974,3.0359071297925544, 1
1.3629586398601532,0.6630702954050645,-0.9511526554986975, 1
1.4752593129873275,0.678891230734011,2.543334473046426, 1
1.5846213519573211,1.264205230251733,-2.871177792904564, 1
1.5296934068202972,0.45666013735317385,0.6891121979087527, 1
1.3352690666913987,1.3407073607527056,1.7538805097806691, 1
1.283897578716278,0.30354237479329804,0.5104163989796255, 1
1.4596145659685136,0.9853921010385064,5.308766903941939, 1
1.2664563298225402,0.5326432564349692,-0.6398731697742462, 1
1.3853219211101533,0.521295733992798,1.7615150731375944, 1
1.4373527884483337,0.9386521070549576,-0.907734858939351, 1
1.3195938229560853,0.34699525966763645,0.2606825357745791, 1
1.1922974348068238,0.5303619549629182,1.8486667267750734, 1
1.2847529113292695,0.5475855109144698,-0.4207888997232917, 1
1.302165949344635,0.5641520087376629,0.9276221705792566, 1
1.4547273963689804,0.9980674183505971,-2.7949909902571184, 1
1.3966119885444641,0.3982881004020551,0.0006755860392573254, 1
1.3996019870042802,0.965017577253148,3.0556770774378137, 1
1.1629208207130433,0.428247606948899,-0.36584855543051864, 1
1.205006867647171,0.6664987743354447,2.1257224234542296, 1
1.5073369562625885,0.8150096116048617,-1.9681615785800837, 1
1.5372840464115143,0.4618212118576889,1.3086680118192557, 1
1.2459741473197936,0.6863651001600628,2.3130035084009046, 1
1.2648406505584717,0.2835951072582951,0.5382297682516737, 1
1.2264357179403305,0.7221941752820086,2.234966614939239, 1
1.3851699590682984,0.6617551420423026,-0.26806601949038245, 1
1.4589871764183044,0.4100555311583394,0.7411779866277968, 1
1.1750166565179825,0.5303227697196998,1.3528402079528408, 1
1.2329015851020813,0.20557062955208932,0.2982221593097435, 1
1.1417340397834779,0.6495834089996896,1.8464344024588912, 1
1.4756936252117157,0.7139822333030656,-0.8571573717368781, 1
1.533103162050247,0.5195455373396034,0.25507996825711365, 1
1.2722407221794128,1.038017739367579,0.009326738589466477, 1
1.331124222278595,0.33365424853062436,0.5567072614377522, 1
1.3822897613048553,0.8092095284695724,3.937939441352014, 1
1.1619835555553437,0.44025075248233925,-1.0303613209875278, 1
1.402357679605484,0.609488362904654,2.4611173555709165, 1
1.4820439338684082,1.049303304743628,-2.2148358642132897, 1
1.3883292436599732,0.3816595815296808,0.015228964934857411, 1
1.3925369948148727,0.9493931467777439,3.9207083987908202, 1
1.0605820715427399,0.1719165237115399,-0.02902495466567423, 1
1.35679592192173,0.8540182453435937,3.5742381223099624, 1
1.5811399102211,0.8648773915563093,-0.8599997545914397, 1
1.5052799582481384,0.5296072409216555,1.9847980170065718, 1
1.3532729744911194,1.0607861106619927,0.049699417367222054, 1
1.4880876183509826,0.5754627764623242,0.7416794275413152, 1
1.3122807145118713,0.9185148313701722,2.6771335606585076, 1
1.095613044500351,0.2952581801506121,-0.2438679844386545, 1
1.3876430153846742,0.8610042322438579,5.155025803989082, 1
1.546957403421402,0.9140422917408918,-2.4383017779003513, 1
1.5026512086391448,0.43285956112844726,0.8612948221797646, 1
1.336194995045662,1.1777845337801485,-0.7991177458092134, 1
1.414436447620392,0.47432746344739213,1.6057983530165514, 1
1.0814787447452545,0.31363270721573644,0.27208731770007866, 1
1.2979765057563781,0.7604010029631527,-1.197828174759953, 1
1.4630875289440155,0.3648280499828727,0.0037117113933984314, 1
1.2601760268211364,0.9330321146895181,-1.8863517607042497, 1
1.3241091072559357,0.25130304892949124,0.40350611364345745, 1
1.1195855975151061,0.4896468555886468,1.212891484817346, 1
1.3396910965442657,0.5169070455597955,-0.6107523695392277, 1
1.4120840311050415,0.377017482057012,0.40521826241482584, 1
1.1563398241996765,0.5638423936193846,-0.16955654265838405, 1
1.3323862254619598,0.2694863140339374,0.4336728097457918, 1
1.3422737836837768,0.8486978171991181,1.4026248851664944, 1
1.2515738785266877,0.590064510184903,-0.6852191467508458, 1
1.33840109705925,0.7510687923746545,1.4338917139553513, 1
1.4110183328390122,0.9130182531488069,0.5413012894094313, 1
1.5770152747631072,0.4800752846411666,1.5066573016267737, 1
1.2231007665395737,0.8990390525999539,2.290337952804939, 1
1.3301689803600312,0.3469806546005969,0.32383048283994886, 1
1.3419632256031035,0.8071657805897271,2.793847162175066, 1
1.237014889717102,0.4837981188021084,-0.4048547531826969, 1
1.436149799823761,0.38314328714721113,-0.04338711963221298, 1
1.385236182808876,0.9062645950106593,1.4480283313295788, 1
1.4851346611976624,0.4226312733883244,0.4229243090534496, 1
1.2365647733211518,0.6838988165752684,0.761224659870589, 1
1.257499247789383,0.39782213963147917,-0.26171109331377274, 1
1.1308212369680404,0.5320094616090901,1.737119302333423, 1
1.415605068206787,1.0247720970545977,-2.1377495274630007, 1
1.521020621061325,0.6010881541646045,1.8302913438207664, 1
1.5076672360301018,1.1306378861152233,-0.7085987911359695, 1
1.685336947441101,0.8652756960221949,1.7989202939985347, 1
1.2978065729141235,1.0803548018008422,0.2928125815482634, 1
1.5191547453403473,0.6218299726659259,0.7092481357824705, 1
1.143534964323044,0.638111970124724,0.5823157431150354, 1
1.211609661579132,0.33232863278982894,-0.1371293543942329, 1
1.204181617498398,0.5746222926250996,1.3923302065068897, 1
1.4596070647239685,0.8177182288351403,-1.931713618250427, 1
1.45118528008461,0.42360756608727596,0.6831292650880978, 1
1.13043252825737,0.6556615576561114,-0.14105380393205613, 1
1.246787428855896,0.19301068814937347,-0.09974102094521697, 1
1.2428986459970475,0.6763617554885313,2.5615521008152586, 1
1.491322100162506,1.0224183451191764,-3.790823355210854, 1
1.505207931995392,0.545692764155064,0.937769734653132, 1
1.4085812747478486,1.07722983843168,0.45546961572333106, 1
1.4936332702636719,0.6421217715568212,-0.3932724393280864, 1
1.456777736544609,1.081972479211326,5.523489311212956, 1
1.187811815738678,0.463072351381695,-0.3594666012453146, 1
1.37029929459095,0.9262045274475564,3.75757812188174, 1
1.4406925797462464,0.7280607860693225,-2.336339058663092, 1
1.3670794367790222,0.5994098518512108,2.2714779517613053, 1
1.516127359867096,1.13287007045302,-4.110522633013624, 1
1.5701493471860886,0.8917253370177443,2.364003306347145, 1
1.3248238056898116,0.9725351174068682,-1.1636742958443174, 1
1.2152187407016755,0.2104220853736037,-0.061934054114548, 1
1.1820056229829787,0.6106588385778434,1.3939852715634524, 1
1.4900907218456267,0.8344728851464825,0.13015215250448928, 1
1.5327262461185456,0.4236666662664949,0.7603039515389125, 1
1.3164289206266404,0.9813490411803567,1.3769491270703194, 1
1.3125453412532806,0.3351891545612162,0.557014485012051, 1
1.4228744059801102,0.982633917593885,3.1677606358369337, 1
3.6988751024007795,3.0257091721887033,1.6342917007965516, 2
1.5085143849253655,1.5673270766075196,10.052387681560411, 2
2.841832188516855,2.58313123177125,8.405613526406588, 2
1.9342714369297027,2.1807808860742735,4.322277867669802, 2
1.7303383693099021,2.339874051872109,12.89182193173303, 2
2.244168358296156,1.9742776493272356,6.328845348309475, 2
2.7533854112029075,2.859705053751457,-4.129185476910769, 2
2.9439482986927032,2.8065312744370323,-16.3326764159793, 2
1.5875410333275795,2.023460898944771,17.64144257994142, 2
2.4347527235746385,1.647614396897886,7.241819937727454, 2
1.551984803378582,1.3115152346361383,3.6530461894125534, 2
2.932710476219654,2.765696363554128,-16.49859278385988, 2
1.7155613511800767,1.6255899944458827,2.421080173481248, 2
1.4310759991407394,1.1069397309615387,2.65201382997867, 2
1.9137821406126023,1.5431659914558509,6.416863113913873, 2
1.562432861700654,1.5675756756558725,5.2988039115708245, 2
1.9830411732196809,1.7694972122462593,-0.42323803142576377, 2
1.940116572380066,1.594067132805651,6.955470088684503, 2
1.368811971321702,1.532133859534605,13.483058214094706, 2
2.979784843325615,2.574137528270098,14.258629536028288, 2
2.4320766061544417,2.6782826245860702,1.6171105329110436, 2
2.344482371211052,1.8923496730948177,6.298315700317374, 2
2.4224472932517527,2.847329749942338,-11.402587950172395, 2
2.170818141102791,1.6076006241124274,10.154948331295566, 2
1.5798314467072487,1.633638141783069,-2.425104623560648, 2
2.7751766845583914,2.3724536296942422,27.948552493823627, 2
1.310356517136097,1.68939951423138,13.058871267188014, 2
3.4000644445419312,3.132696102658641,-24.083569267132525, 2
1.3126145783811807,1.3847447571005722,13.404701261373985, 2
2.426642249524593,2.4239127700341045,-14.215953123698412, 2
1.6796430468559265,1.3978803599582408,3.9860399033361498, 2
2.919119118154049,2.932768615891745,-23.715541998673903, 2
2.6129978001117706,2.5591957262346816,-17.798189283775876, 2
1.788693757355213,2.253997298777937,-3.233929620779301, 2
2.3578183367848395,1.8500955120261071,8.641133303274277, 2
1.6327166080474853,1.6631544720735363,18.67942996929977, 2
2.7539967358112336,2.389217602240021,-9.403044967361625, 2
2.344988597929478,2.4381260046732103,12.553282649438124, 2
2.8496516063809394,2.538052524121821,12.966400709102247, 2
2.229028780758381,2.199794489617255,-10.179188830193862, 2
1.5903932720422744,1.8806361230033013,10.83313167348384, 2
2.8947005376219748,3.017918360808469,2.2459031228380946, 2
2.840758164972067,3.01727367379757,-34.12619996533717, 2
2.090393568575382,1.8400872074865318,13.837512223752341, 2
1.6128166183829307,1.6658263288790292,8.659883526446718, 2
2.3504185758531095,1.723079400432982,8.64622982037496, 2
2.205203814804554,2.4475710489949347,10.26674181821097, 2
2.6065345853567123,2.354618507793004,-0.7084390450041316, 2
2.167806287109852,2.45587975729467,5.350082576427303, 2
2.454176777601242,2.606486917753138,-19.34173722775292, 2
2.718607668578625,2.647073525975216,-6.444297305929007, 2
1.7699977710843087,2.3971700660517934,22.31475358951464, 2
3.136059030890465,2.5297212646783356,-11.090985904813977, 2
1.7878270626068116,2.21576572556711,9.126375880329716, 2
2.070770539343357,2.038735273302361,8.052832851033996, 2
2.267873567715287,1.5588866543260962,7.159794688850014, 2
2.1421083360910416,1.938316746314994,-12.19598278025006, 2
1.8223163090646266,2.7556208587224424,31.048180078066174, 2
3.1420872896909713,2.9480919476109593,-11.033684543720614, 2
2.0044843703508377,2.438851944362509,-0.8789040056855173, 2
2.151106119155884,2.498891289323769,2.654366959142206, 2
1.9238730415701866,1.6757302812083714,8.124105773772826, 2
2.159004384279251,2.2156766651601933,2.33317302176571, 2
2.70914331972599,2.1030799437958585,13.822839513097877, 2
1.6064817115664483,1.468667672192416,7.100712475043919, 2
3.0094248190522195,2.8209041089533207,-1.0964096576398568, 2
2.0099058374762535,1.8648964250086644,4.564093950681796, 2
1.807966123521328,2.302681907095598,10.814352798916836, 2
2.119112381339073,1.618807585995285,6.210253774410261, 2
2.1473948433995247,2.547809581527692,-11.077587178665539, 2
2.5237126767635347,2.2327390421481677,5.786148618320597, 2
1.7714368283748627,1.5897293540836928,5.105915024905645, 2
2.597483068704605,2.1075124702215042,-12.74754594120643, 2
2.4827604681253432,2.376209251610086,-10.500769837815403, 2
1.4569671496748924,1.8901849608092083,15.88047219277464, 2
2.2338893949985503,1.875961439411279,-5.266667290331398, 2
2.0814460918307303,1.7779768859606717,-1.99616354185975, 2
1.7376209408044816,1.9185115192486557,12.456906802301305, 2
2.6513416323810817,2.209288906193512,9.415351740805992, 2
1.6646117091178894,1.3000008593987205,10.089437487775713, 2
2.498016193509102,2.647067167701296,6.373283559953798, 2
2.26304372549057,1.8538276729939798,2.4818488342834835, 2
2.155749003589153,1.9871494812817307,8.224466763444829, 2
2.1665740072727204,2.0428872535639453,-10.915029570030855, 2
1.6647069215774537,1.6053975692724227,9.612438914246917, 2
2.5664109721779824,2.2079627766667853,-20.77498145334216, 2
1.8970623463392258,1.537060211641887,-0.10423897661669623, 2
1.5525591403245926,1.8792577239852841,5.390918098514227, 2
2.512744075059891,1.8377774371959241,3.946843299450208, 2
2.056995167583227,2.2513258548591826,-13.547289145142125, 2
1.372980523109436,1.5156867549763955,7.505886992089924, 2
2.1239651322364805,1.5122736947143767,5.726052289122971, 2
1.4974456444382667,1.2251199734341605,10.110071422341443, 2
1.7737812966108322,1.861900101744001,10.016606798219653, 2
1.9078794330358506,1.4727339231654302,5.840686270820156, 2
2.068580462038517,2.4938234626278377,-8.948558033936239, 2
2.386550098657608,1.578796440732739,9.669142586102613, 2
1.8477025777101517,2.2496703542652936,8.434096173894629, 2
2.4317324444651605,2.282055787145765,-4.348968347989237, 2
1.9992302656173706,1.4315632774494664,0.817876749953335, 2
1.724128507077694,1.863393657384526,15.879659959438094, 2
2.171689215302467,1.7400267593097116,5.523989798868522, 2
1.8403567880392075,1.6570126291891956,-1.6273882888908104, 2
2.346372549235821,2.761388877084659,3.8345485654549396, 2
2.584688863158226,2.55405850427667,9.629453492367514, 2
1.4124143421649933,1.252435012897823,3.91648799839691, 2
2.2824010074138643,2.2430225760057434,-3.3534776043009704, 2
2.145820562541485,1.9532612415358157,5.590043066246051, 2
1.7958428531885147,1.2235574971001342,6.704523514024897, 2
2.7472179353237154,2.3510506403723697,29.217248826256, 2
1.7673411622643471,2.2689769861619498,16.960701560012378, 2
2.948898155987263,2.6390134366608713,-11.414147036543076, 2
1.9280909895896912,1.6719044819880216,1.9416467786198615, 2
2.0130167677998543,2.4590384006399484,8.789345004062074, 2
1.99060178399086,1.6000088776959747,7.237481227066212, 2
2.387163633108139,2.525926472836011,13.026746391941224, 2
2.280169016122818,2.148482650851225,25.623633122547552, 2
1.7827624648809433,1.5985467404299782,2.4709755601530556, 2
2.3085298761725426,2.1785611457214316,-10.282258848345155, 2
2.7157134622335435,2.4099452743887957,3.39400981652972, 2
1.7467556461691855,1.9078127064358774,18.225694117606107, 2
3.2052936911582948,2.4804784428989266,-1.4906478885222576, 2
2.112822451069951,2.3039939970684493,2.9187397699537887, 2
2.541984286904335,2.509059288325395,5.2837072143421135, 2
2.467702278494835,2.259285425327992,7.998700086855825, 2
2.9751385524868965,2.7315207850360315,9.05851074341401, 2
2.5492509305477142,2.943418487238835,-18.609769580440403, 2
2.6028402663767336,3.254957044302419,-1.759178897948976, 2
1.7587599456310272,1.3512445044370152,5.673875477573224, 2
1.5613253861665726,1.648417561830288,9.727001832455901, 2
2.229184256494045,2.040379390130854,7.37736038399452, 2
2.089111380279064,2.2935752353959415,14.337010289587665, 2
2.9332857966423034,2.6750901941104583,-9.647499969751994, 2
1.8275638595223427,1.0478539403752802,5.777032539330736, 2
1.1815338402986526,1.415425377777079,5.775481522564988, 2
3.400246004760265,2.5081691206220276,5.022222532764687, 2
1.5247587621212007,1.6014973540897381,8.576538943243607, 2
2.262158688902855,2.2334023131291203,10.428948134397443, 2
2.1683065481483936,2.3085586104509233,8.207031624378887, 2
2.647257909178734,2.496676742834302,-12.228738204381969, 2
2.036979413032532,1.667010821857267,-1.0012422523357274, 2
1.5160851523280143,1.5069837397529768,12.700648861339712, 2
2.302378363907337,1.55504259547348,9.495994694296717, 2
1.793610478937626,1.5281213842471342,14.7113942025935, 2
2.082297594845295,2.447833168931696,13.003673387116601, 2
2.5372785538434983,2.2668457263777237,11.6884918153136, 2
1.94298112988472,2.1118628136789037,4.194928346387771, 2
2.11486656665802,1.7722285683453423,6.779546562736163, 2
2.522142285108566,2.6307803644297794,10.873428902255167, 2
2.123099099844694,2.538516887872877,-17.288270779977097, 2
2.316307444870472,1.9541254109295272,17.05202903034327, 2
1.957743938267231,2.6335170759359348,17.54087981946198, 2
2.3474220395088197,1.742740949580856,-1.6312157375232736, 2
1.8849189639091493,1.48204989805459,-1.298649933401363, 2
1.8025491267442704,2.3960615640774323,22.67323153372334, 2
2.567437048256397,2.0451160010201597,1.1311351581385853, 2
2.379139819741249,2.1759227918064217,11.778732251968503, 2
2.0458592541515825,2.5402803897539843,-4.23747524941579, 2
2.8281414836645125,2.3925594679195274,7.359359966655792, 2
2.0437563449144363,2.330142416215872,-2.3877361919443225, 2
2.790407198667526,2.443707101642189,-8.468644275062678, 2
1.8630396172404289,1.7945755319191499,9.279893276734068, 2
1.9475023865699768,1.5179217068764044,0.26702368997972625, 2
1.8958298921585084,2.0081203081208843,-5.734809485814683, 2
1.7879061117768287,1.9139550290868854,9.130904143938489, 2
2.2900529339909554,1.9398082924113536,9.078577400955366, 2
2.0279486104846,2.4410339966801944,22.00778121078014, 2
2.9283822968602182,2.7632282867589457,32.84715025907238, 2
1.965431672334671,2.5196080018634954,13.650306246142, 2
1.990544856339693,1.3466038236162994,2.0992134418440216, 2
1.8586506783962249,1.5813948896022492,2.777449159133057, 2
1.862173630297184,1.8272725247092472,7.065915084422477, 2
2.3864535093307495,1.988721435421544,9.311136428003119, 2
1.8204081520438193,2.2877566510717697,-5.073628550602406, 2
2.087256909534335,1.7798243740519166,2.6583071732193995, 2
1.7885295867919921,1.831216918687306,14.7949327418827, 2
2.060000291466713,1.6350262043925705,3.6278310563207303, 2
2.0843389578163625,1.6179761311186365,6.365214043817709, 2
1.9701406810432673,1.92064705473592,9.243077676961239, 2
2.1715527147054674,2.005624929812732,7.138903013908824, 2
1.7702163368463517,1.5824619783734721,13.133636661811586, 2
1.8664827838540077,1.6248987909155581,4.3361180728670545, 2
1.777339155972004,1.7364861192104826,9.353068825033212, 2
2.2752435922622682,1.8389631356485125,-2.4617298456960954, 2
2.2552285894751547,2.183777853366423,6.702580203592467, 2
2.3153510548174383,2.6870366958413676,6.4458290710903166, 2
2.481301173567772,2.3459738984729674,12.156179322541417, 2
1.478361815214157,1.221127839923721,8.226644481692187, 2
2.35492379963398,1.9402508919307637,21.535928475463994, 2
2.237760528922081,2.302252975941711,12.255656083618492, 2
2.4743235778063535,2.674510915587889,-20.04974364876491, 2
2.6144805520772936,2.259215442595683,3.8064160283593824, 2
1.5776950761675834,1.861532542439672,17.843839100403656, 2
3.465243920683861,2.7570650894356588,-7.094271474484499, 2
1.666473463177681,1.3515934213080563,8.546790261602974, 2
2.838338962197304,3.1309377811953416,-17.761520401106775, 2
2.5359251648187637,1.9387273305510138,9.30636853148569, 2
2.226088735461235,2.111669007284159,14.859374662528642, 2
2.188312515616417,1.9661557424016076,16.82150193870715, 2
1.9602505460381507,1.8308322383952023,7.820278060931056, 2
2.1311028480529783,1.799602159646286,-5.602599915855157, 2
1.9420178353786468,1.3697749240802624,6.00546154907734, 2
1.6109417483210564,1.843230793570431,8.307513325004237, 2
2.314972899854183,1.5855596167694248,8.58586273112716, 2
1.7771275997161866,1.6301527048743487,10.339276886682187, 2
2.1922124929726126,1.7923043417011675,17.531244384992572, 2
2.0086590573191643,1.9619475957203025,6.516427440793974, 2
2.3976767301559447,2.5912859364336844,-22.96954077937464, 2
1.8877717182040215,2.6795502187595797,23.07492227728206, 2
3.1028179675340652,2.8812995980460734,27.15713847734314, 2
1.8547677278518677,1.5743332734629465,4.18713439375191, 2
2.234408086538315,2.5004978142046284,1.0195138189223565, 2
1.9062102109193801,1.5533869060846421,5.790043285705394, 2
2.055268732085824,1.9203641189058425,-2.78545280758416, 2
2.46180127710104,2.1531424229807667,11.473808646363324, 2
1.7931095946580171,2.7132834866653948,27.291220129621347, 2
2.952979177236557,2.4019726292352956,4.695829231150894, 2
1.785851064324379,2.295823540208749,-3.699411898124146, 2
2.4524783968925474,2.686606340029615,10.115987971552194, 2
2.1475072421133516,2.3776809104954593,16.14470687676413, 2
2.665590461343527,3.0256117507530447,-33.768322849565884, 2
2.7199422270059586,2.517408356979376,-8.673602738992571, 2
1.8193795070052148,2.239176924194821,17.89066467547289, 2
2.2070728465914726,1.6122172196138242,6.318403547396084, 2
1.8136391416192055,2.4374475448216577,-4.894610354114453, 2
2.1837079778313635,2.168169640855189,8.71454738504244, 2
2.2893141373991965,1.9651139768071353,9.082752851982729, 2
1.6759885087609292,1.7034020674124408,6.402220366443136, 2
2.7501727540045975,2.4777864988168483,-2.258456633364645, 2
1.9061378315091133,2.380159024784478,22.0279827906189, 2
3.1197129011154177,2.712688843745914,14.427920214827445, 2
2.2057820916175843,2.260240154298723,-7.748991931817256, 2
2.275396353006363,2.9044956193237454,-10.551667465119623, 2
2.334412080049515,1.7681020225817607,11.678202795054505, 2
1.6615011654794216,1.6132291586359024,6.358069172835617, 2
2.608294612169266,2.8904638528281947,8.563302633561051, 2
2.1824268981814385,1.8984532052493581,5.899554954061499, 2
1.523497472703457,1.2233415175585782,7.980299722641193, 2
2.8625347688794136,2.591923923938387,-3.1910304492107198, 2
1.9169455468654633,2.48453148390222,30.60232700714144, 2
2.396628439426422,2.655890931717706,-28.26186278973732, 2
2.0740562915802,1.5049091549454878,5.4859744430649835, 2
1.9903630275279283,2.6893257829726283,32.60887134156868, 2
3.0410610318183897,2.616406947132975,3.7036779648029574, 2
1.5864324018359184,1.2316000351113565,3.272913557815907, 2
1.8821265712380408,1.9122742547045308,5.088659615298768, 2
2.102237085998058,1.7674559588244632,2.8547134639548633, 2
1.4334159538149833,1.4931090346757243,5.686082614606489, 2
2.278432121872902,2.038043792806129,21.586193485520532, 2
1.6966845825314523,1.8726754430597041,5.1862444898777476, 2
2.5827146500349043,2.51574475887239,-16.602157163191844, 2
2.5691012397408484,2.717260671955292,-20.98534428561306, 2
2.030260433629155,2.4834237363080915,-2.4276276575875313, 2
2.1304942805320026,1.825488359259392,8.750274820910171, 2
1.9272341787815095,1.9457154632965972,14.715263728230946, 2
3.2644062235951425,2.8444599552835244,-11.149567925840005, 2
2.0580281399190428,2.62913610301451,-9.409147251214929, 2
2.5508770130574705,2.47887483570031,11.62919882091282, 2
1.6881375551223754,1.6347764654775268,11.003231895376091, 2
3.1852191388607025,3.0026264052353424,-24.85666648643455, 2
2.6660099610686303,2.5692528871366456,13.661135876881119, 2
2.852832972258329,2.7293429680114807,-19.283260209924897, 2
2.7997396528720855,2.6501677519238456,-23.794300284847985, 2
1.8099331252276898,2.3409927326130195,32.50415141756705, 2
2.712081287801266,1.9514645303518592,-7.343560524278005, 2
1.9888013765215873,2.5983501075424704,0.4614209033383081, 2
3.3261933773756027,2.8750133442745334,4.888053618393091, 2
1.8215512782335281,2.3420569800640223,20.537439564820595, 2
2.8788366258144378,2.5700854515835303,5.071509895151378, 2
1.8065391428768636,2.36120210154326,-6.701670783097271, 2
2.45265608727932,2.9191591446723786,-5.118206076165802, 2
2.0572164356708527,2.173676925576721,3.1324220743174047, 2
1.9029489770531653,1.645360626412351,-3.4713439202518237, 2
2.050347898900509,1.5059004168493029,10.14014706922629, 2
1.4069952115416526,1.435031592610793,7.118801386107597, 2
2.2672552458941935,1.6532463109380797,2.826454745515992, 2
1.5472274094820022,1.7973750460299591,14.037033750166366, 2
2.6759356178343294,3.014629595851381,10.895421094383009, 2
2.4585717245936394,2.7176442672472874,3.695137536544809, 2
1.802170842885971,1.9515291506351529,-7.823001532797496, 2
2.8518555238842964,2.3553551047763417,2.763798633137501, 2
1.358230972290039,1.6759829877951684,13.164112595549755, 2
2.181846538186073,1.781542938646893,-3.551932261948365, 2
1.3704752042889594,1.2177221625347505,8.876869326753457, 2
2.182476258277893,2.9229511281012823,-5.863860736614464, 2
2.05934482216835,2.3888396631202133,11.91856024511716, 2
1.6202544420957565,1.9969497868293247,-3.973107818894644, 2
2.178182466328144,1.9669233349680817,15.818020903420104, 2
1.7163600414991378,1.8895731314943536,19.031945913914054, 2
2.800790178775787,2.5212218779835074,-15.018161777137884, 2
1.8555634416639806,2.086296303393579,-4.862127918912227, 2
1.8927304238080978,2.0728272258124245,10.570418786879067, 2
2.0472983911633493,2.1681363452795828,8.162258440232277, 2
1.6546511135995388,1.8469709195290362,5.629853794204882, 2
2.051513660699129,1.8516838976527228,13.741953774726257, 2
1.4725222289562225,1.863290037210191,12.346655733494934, 2
2.2136888086795805,2.263487068702042,-19.927922409436224, 2
2.008137551322579,1.9367079875905493,-1.5334209098618197, 2
2.056768462061882,2.631686116403008,-5.168238798520559, 2
2.210819636285305,1.7922451486006115,7.353998836510927, 2
1.5734427526593209,1.4394331145094932,2.6564511224968492, 2
2.0345310509204864,1.7925265154018135,0.031286064934909597, 2
1.8728802278637886,2.966863077618236,32.47045557936296, 2
3.209130561351776,2.8151711088357985,-0.9876048122723473, 2
1.5490494236350059,1.3779267666368475,7.959470647927268, 2
1.9714857429265975,2.0924831252968685,5.75968079204026, 2
2.0210699290037155,1.7036739406485948,3.4106576818520984, 2
1.6198904436081647,1.4628497978338493,3.1066734540666383, 2
2.509479533135891,2.5774495681343073,-4.465148961432636, 2
1.6285206571221351,2.2699087780857616,19.71963654788883, 2
2.593169380351901,2.300992074669927,-5.27075195740665, 2
1.5000376105308533,1.1406833788809774,3.445408387097152, 2
1.7767570655792952,1.3958635462764022,8.02615875480873, 2
1.6376028090715409,1.423454750581567,3.317518881033008, 2
1.733808159828186,2.4280202119333505,-7.455735753891531, 2
2.5523932456970213,2.317588737713,18.128937913776646, 2
1.4679151371121406,1.7633770351832347,4.24608187855841, 2
2.95442835688591,2.453071961973771,-0.17232515350852928, 2
1.7192992314696312,1.651507818923997,7.028631873728102, 2
2.1838182136416435,2.8616988574284297,-3.1038874560601606, 2
1.9887524381279946,1.9309423898395828,8.742212232238185, 2
1.3230100326240062,1.170960318115282,4.97381982822498, 2
2.837225189805031,2.8953859425620245,21.65121065898761, 2
1.8554868340492248,1.9395590916062861,15.902782102300407, 2
2.0380076073110103,1.8088199259331703,-4.605675143975129, 2
2.2389244697988033,2.1735338079479134,-4.776620246821258, 2
2.1297483667731285,2.2339833382862913,5.917798884243856, 2
2.258871518075466,1.7661607960108667,7.212594157851951, 2
1.778387488424778,1.6990320947563422,-3.598973373465736, 2
2.2509049981832505,2.5589758435816536,-13.308308447036492, 2
1.602414532005787,1.6142567074563254,10.453748102982832, 2
3.2379958368837833,3.102175186240766,-11.595857487825882, 2
1.916727291047573,2.220213407224914,-5.482315970475998, 2
2.016922597587109,1.961682516733389,5.733492696588281, 2
2.080766624212265,1.7320376595608213,8.542398485152056, 2
1.7931644171476364,2.235031957187134,17.41416227170975, 2
2.122959754988551,2.1339202157636765,11.266797704790841, 2
1.9258387491106987,2.1789475092051536,0.6080833076508871, 2
2.753240117430687,2.8505906906114045,-6.531633637010212, 2
2.4744075909256935,1.7491732306792507,-6.7197698922945435, 2
1.8618793398141862,2.413623680816197,1.186823358572833, 2
2.5263441622257234,2.275103124031391,2.308855010476969, 2
1.3761054046452046,1.7452662783873707,7.263015587086784, 2
2.9247488975524902,2.2745669212613233,-6.547507112939812, 2
1.3582629092037677,1.284898938297605,8.473807784729807, 2
2.6542007505893705,2.2891090476909617,-8.366308514007994, 2
1.561025670170784,1.5957960903516362,8.889748553262422, 2
2.2339730352163314,1.7412671055096869,-4.719380584909841, 2
1.9215934872627258,1.766640815754782,-4.962670663625946, 2
1.8609258003532887,2.0973857813723664,8.836730155787563, 2
2.142159801721573,1.6729326412220853,3.1923421238303797, 2
1.4918922875076532,1.7934821078418948,2.8543501938298625, 2
2.853004440665245,2.2137119622673533,15.285547620452268, 2
1.7950520914047956,1.9070538225489333,16.118507315871135, 2
2.5933495327830314,2.5636128068975896,-18.017074204092268, 2
1.8313695430755614,2.055192475777878,-3.30135536048406, 2
2.095769212022424,1.9710898271567896,5.476039512213581, 2
2.1853005319833754,1.9244933745902242,5.85153290543316, 2
1.5841499656438827,1.2926519596346044,5.838878530955896, 2
2.2641791820526125,2.2245719426956403,4.208723518163274, 2
1.9651040479540824,2.2919079726707374,9.126991543344571, 2
2.6832226634025576,2.0903946914599936,-10.923797671282376, 2
2.10233753323555,1.8855376403997164,-1.9186381981607958, 2
2.2918567687273024,2.6656716633487783,-2.5615724201207017, 2
2.500843545794487,2.743340509730005,14.708942194667003, 2
1.697556421905756,1.9397317959753115,4.118244406295744, 2
2.1396631836891173,1.991280158331029,5.948652465083337, 2
2.2691112041473387,2.102971955839158,13.016826231368436, 2
1.621220801770687,1.530086032740677,11.262724437226145, 2
2.6703558281064033,2.146018611872664,31.59310622954065, 2
1.3629816457629205,1.6152055494409823,11.638803313948584, 2
2.9411950789391996,2.270836228851919,3.694585041237212, 2
2.318378084897995,3.047917249637102,-7.45194565356873, 2
2.0285263851284983,1.9987420894059271,12.086412303310036, 2
2.402803806960583,2.1122151863588954,12.927920078859213, 2
2.017207238078117,2.699269254654062,-0.7374199290423626, 2
2.678668439388275,2.5811044864430137,-7.109906050440149, 2
1.5715854808688163,1.7655435419884509,6.6340736470915616, 2
2.657565975189209,2.2564909030019753,-11.416055219952103, 2
1.9193919576704501,1.9143919252769714,6.341811847512959, 2
2.081261493265629,2.38279375596287,12.695538424111945, 2
2.011816993355751,1.6561599924652564,6.397219781251818, 2
2.2044515356421472,2.7899954656955477,0.39879094240329227, 2
2.977290526032448,2.7167899109225586,13.236843012917276, 2
1.5514404587447643,1.9003155707124293,15.208747015869498, 2
2.3725133180618285,1.6737094424595296,2.4817021575962124, 2
1.9037005975842476,2.1426916001953127,-2.412317608997956, 2
2.4687325030565264,2.7183308408450126,8.22234295542303, 2
2.085120755434036,1.8837546659393896,11.311355949384701, 2
1.6856633111834527,1.2382596203998815,9.697028953083782, 2
2.3656679421663283,2.3886607792996473,8.983248085856005, 2
1.9637956202030182,1.6974446201878057,8.07502411399675, 2
2.294072614610195,2.317084839146978,-13.508686215751933, 2
2.5813138894736767,2.8637681467703455,-23.556703741798604, 2
1.8291236244142055,2.463721887208459,31.46023041356769, 2
2.6699631452560424,1.7882550951956087,10.274619312984, 2
1.707152584195137,1.75894874954421,10.265771398852213, 2
2.1374977201223375,2.210171556144719,5.300989707101604, 2
2.1351059705018995,1.6843064139646866,7.807109176077386, 2
2.127479515224695,2.966871043897435,2.499568077790542, 2
3.0793359778821467,2.916601760506541,16.343823274770752, 2
1.8148071736097335,1.8465840520837387,11.717288630333499, 2
2.8190476194024088,2.312110894052194,-4.950108571853897, 2
1.8705979399383068,1.8282833680664208,8.753098562696165, 2
2.1739244997501372,2.756864180086196,-9.596035427520434, 2
2.6332089066505433,2.3316957444936737,10.069086746808154, 2
1.9659435726702212,2.6565392287803014,-1.9010178056531508, 2
2.670544794201851,2.727978805661022,-8.950525302018075, 2
1.6140077039599419,1.6849204313655923,10.578595946986518, 2
2.4690686374902726,2.0269123621017764,-8.124588561842538, 2
2.0922701574862,1.6356729540904134,6.3892038521126935, 2
1.4223440442234279,1.835859768157586,17.435474930075333, 2
2.6275562796741725,2.1393745983898436,-2.9073940667554616, 2
1.8642418161034584,1.8228038419830528,7.5356702958213395, 2
1.6948791325092316,1.928683568526885,18.3717452716818, 2
2.526585891842842,1.4018558911293522,10.579456214493568, 2
1.5976359233260156,1.7786485593771373,2.0912125718591272, 2
1.9178371958434581,2.239723908925982,-0.2259343249046708, 2
2.0186802223324776,1.75107294155244,5.663133827058251, 2
2.271722136437893,2.430525197476318,-17.909470707345186, 2
2.3915015138685702,2.346486601534819,-1.386787937837083, 2
1.481148426234722,1.7755740566950589,14.558679207479377, 2
3.013001935184002,2.2691659849335033,3.531923128668191, 2
2.2110892836004497,2.8484588145621066,5.166322375824858, 2
2.3720518216490745,2.551786367706967,2.5101037496339464, 2
2.3633860841393473,2.1869335514125963,12.601416807817548, 2
2.031194118410349,2.084291680841429,-6.463632480043144, 2
3.115227681398392,3.0428106173190796,-3.1419968824772138, 2
1.489539036154747,1.867628013534431,13.63743961801298, 2
2.800978909432888,2.4772787413938007,0.27192168317069587, 2
2.2835158832371234,2.5565399074020783,-6.042402114857898, 2
1.9356071561574937,2.4456222438543933,-3.3446511066423428, 2
2.2822706520557405,1.6289747568305166,6.916154391746343, 2
1.695575537532568,2.2101967896851624,-2.1513150830630865, 2
2.531884741410613,3.0527288209174057,-5.69774268758085, 2
1.9323331996798516,2.2716520990616065,11.339004030668036, 2
2.377871610224247,1.9594277694128266,0.25482007858913747, 2
2.026005467399955,1.9087540737489865,-5.829161801649336, 2
2.091408771276474,2.279664273934809,-4.618531840462237, 2
1.9796049460768699,2.04384399026777,3.703839943242319, 2
2.183259920403361,2.2026953819895447,10.724184598770368, 2
1.5652814749628305,1.4209476990861034,8.250779163904898, 2
2.822806051373482,2.9687901717116927,-1.5260225510400598, 2
1.5282033830881119,1.8767729066583156,18.269916391001445, 2
2.567068728804588,2.1708405618228994,-0.6671243356397882, 2
1.571933877468109,1.535518249642082,3.8473432783820836, 2
2.035958933830261,2.2335670801748573,2.979854927099173, 2
1.8875326558947563,1.7628530774343345,5.889940590941701, 2
2.072213311493397,2.446740535030001,5.883165920371354, 2
2.482905450463295,2.5784122407600942,16.293397830136485, 2
1.7780603662133216,2.160882126322149,22.696241554767408, 2
2.757190508022904,2.824463571631153,-19.507814927706367, 2
2.1697534531354905,2.2153276226162446,-3.9733609625889215, 2
1.5100531175732612,2.1267354844233872,22.28413318854374, 2
2.8146904736757277,2.232863063528188,11.255349815049813, 2
1.716257582977414,1.5433080608917396,9.939513285060134, 2
2.8594701521098616,3.721431279957766,-18.44010363276927, 2
2.69181407764554,2.220625774692335,19.728665896141578, 2
1.6198984190821648,2.122497863794764,-0.4906304235216521, 2
2.122010426968336,2.6937103121345944,-2.802564438974379, 2
2.437051972746849,1.9891599022354811,14.58342489447583, 2
1.9401829414069653,2.530989970335349,-1.8632151780466994, 2
2.0249995619058607,1.9611409519701672,4.613300753478713, 2
2.2611748829483984,2.25338206933929,7.215625544451188, 2
1.7237819276750088,1.7126225733874276,4.078469504742173, 2
2.260778561234474,1.7933291634369524,15.756828623871797, 2
1.874915738403797,2.405963228903776,27.770106548585037, 2
2.5629943042993544,2.7679485757197764,-16.68062262237921, 2
2.5385396547615526,2.5062978876667117,-4.031974540056841, 2
1.5854700956493617,2.2197090954108636,26.833056602635434, 2
2.8242745250463486,2.199382307804399,15.651715832497272, 2
2.1339230641722677,2.1935734698910374,2.0237698669149515, 2
2.2342243060469626,2.283919605146439,2.0353048128107742, 2
2.3705991819500922,2.129597213381129,9.564065571307616, 2
2.5541947945952415,2.9713204735601173,-1.3851510742679984, 2
2.337626092135906,2.166763117337304,17.355916019309653, 2
2.217819479107857,2.3846203597951634,5.013314248763655, 2
2.3813589457422495,1.9348218467772946,-0.6080157873887946, 2
1.7557935047894717,1.9666371706068175,-3.9224414441684994, 2
1.8084253042936325,2.2996427082141766,30.77254260965279, 2
3.221103826165199,2.2284757270478317,12.358008040084318, 2
1.7368276715278625,1.6206534526436627,11.446315507881891, 2
2.1827709183096884,2.4310228965990666,-0.5270883229090062, 2
2.5068737238645555,2.4010840476068176,11.877581101953838, 2
2.8688027024269105,3.266516187705245,-37.81108589949778, 2
2.859706276655197,2.5288486054673904,9.053969641400503, 2
1.5884258970618248,1.844094116288069,16.9913714440348, 2
2.701021520793438,1.9490723146263271,13.812613163828303, 2
2.0767404243350027,2.4460318101914638,0.5999231900474191, 2
2.411201421916485,2.4933662777429353,4.762942939520428, 2
3.013368521630764,2.0687468565877616,18.064419949018816, 2
1.82094307243824,2.152919028246321,11.025144242842106, 2
2.589515344798565,2.9468883031985578,-2.415602961937358, 2
2.3332195028662683,2.330530702373853,9.297245899751784, 2
2.448557113483548,2.682692847670221,-24.828170532885643, 2
2.6796568498015403,2.6788934603205536,-5.225247970308201, 2
1.4475858494639398,1.8575334103393355,18.03969586978955, 2
2.5540695670992135,2.010072307074425,6.715735915723171, 2
2.1970669835805894,1.6166890871623258,1.8196034582927074, 2
1.6086579695343972,2.0648156950959025,23.255982513997225, 2
