0.9856515228748322,0.007967263141687574,-0.00024118663429995024, 0
0.9842504918575287,0.004337949014841737,-0.00016312708055146174, 0
0.985984456539154,0.003157272523803004,-2.84204398766974e-05, 0
0.9851067423820495,0.004395063840880646,-4.719653596865214e-05, 0
0.9843502938747406,0.004222497880305667,-7.268346704947248e-06, 0
0.9840256452560425,0.00296538383719699,-5.594407576836604e-06, 0
0.9846910238265991,0.004860330134386181,-0.0001064368994185827, 0
0.9832571387290955,0.0023702209978335663,-2.0903811352468442e-05, 0
0.9845983803272247,0.0038957037697064842,4.426015354077606e-05, 0
0.9846597373485565,0.002653699734957995,2.7604198638897527e-06, 0
0.9844773709774017,0.004537003489273827,-1.646449886116841e-05, 0
0.9847520470619202,0.003590594137456,-4.6059946450327514e-05, 0
0.9853356778621674,0.00279041628105013,-5.225074212056313e-05, 0
0.9859013319015503,0.0019377734732264464,-7.570684486779555e-06, 0
0.9842557311058044,0.003993373640826294,-0.00011442051710730539, 0
0.9839580714702606,0.00300998511538755,-4.849492595617732e-05, 0
0.9836037695407868,0.004359193646033402,-0.00013989301452035363, 0
0.985500717163086,0.0033281158212453417,-8.167235813729689e-05, 0
0.9849115133285522,0.003454624444534561,-4.330315240039795e-05, 0
0.9847156822681427,0.004895480943466472,-0.00017722975216791784, 0
0.9843888998031616,0.004642639938418744,-0.00016647179345739005, 0
0.9850734233856201,0.005127739086678859,-0.0001893948257873035, 0
0.9856189072132111,0.003768915986466539,-6.571969912947396e-05, 0
0.9850826025009155,0.006343307617436627,-0.00010653094878634305, 0
0.9859271883964539,0.003957817270321945,-0.000111055365968582, 0
0.9834173381328583,0.011356223548343232,-0.0002791488076606896, 0
0.9865695536136627,0.002828081538947884,1.9024211782792122e-05, 0
0.9850254356861115,0.006685022861409764,-0.00017706527009231365, 0
0.9848122715950012,0.008606599515061897,-0.0004457110914671603, 0
0.9829642295837402,0.0048179712155883,-2.1476034207523745e-05, 0
0.9846120655536652,0.006761692033921322,-0.0001835849980334814, 0
0.9856957733631134,0.006305717504513458,-0.00014717579334480035, 0
0.984447306394577,0.007933201232159102,-0.0003599864918907514, 0
0.983975088596344,0.005021904940561131,-4.688325639747859e-05, 0
0.9866564691066741,0.006129024949456582,-0.0002070834628430163, 0
0.9851811289787292,0.0035262882978252153,-1.6374584797773645e-05, 0
0.985676395893097,0.00472921606666054,-0.000154212648543961, 0
0.9865976929664612,0.002402912027881918,1.3141132356508922e-06, 0
0.9849800944328309,0.004272881356304422,-4.6994277015244284e-05, 0
0.984662926197052,0.0042194169429837424,-5.286894948710596e-05, 0
0.9867263019084931,0.005114981507261637,4.7884930684105606e-05, 0
0.9840156376361847,0.005298036904001331,-9.659186942236885e-05, 0
0.9836179733276367,0.008027326900380218,-0.0002569968442230675, 0
0.9849938809871673,0.004802334674098472,-8.752973084504847e-05, 0
0.9850357592105865,0.003422915986275846,-3.219048485512133e-05, 0
0.9839162349700927,0.004928730530617907,-0.00013039127365175316, 0
0.9835281074047089,0.0043960550313651104,-0.0001277081933768187, 0
0.9853645086288452,0.006520943771874029,-0.00019407228422139156, 0
0.9819844186305999,0.009605356056706784,-0.00022832684382443347, 0
0.9856126129627227,0.006140822721893974,-9.523083718896429e-05, 0
0.9847871422767639,0.010715030414840282,-0.00044286348265600847, 0
0.9858635008335114,0.010004013675858665,-0.0005279531369527746, 0
0.9855982482433319,0.00864753885421384,-0.00037908607978174306, 0
0.9858852922916412,0.006808327493586726,-0.000301979494013338, 0
0.9855324387550354,0.005532365087970065,-0.00021029428518062331, 0
0.9849947810173034,0.008202301632666173,-0.0003389113486861106, 0
0.9859156787395478,0.008697203932052755,1.9989031614286995e-05, 0
0.9857647895812989,0.004573703594230937,-0.0001305644748278212, 0
0.9835457921028137,0.00279008568539267,-2.1255500685413152e-05, 0
0.9850215375423431,0.006271677527275637,-0.00024597682593388017, 0
0.9849702835083007,0.003815677708846915,-0.00010890792930737802, 0
0.984578138589859,0.0022029753305494787,-1.8324508932821006e-05, 0
0.9867287874221802,0.0032792528965081827,-2.34833953385305e-05, 0
0.9850741863250733,0.001784881381368375,-1.2601712575133207e-05, 0
0.9855752885341644,0.003348133193288702,-7.95543632925444e-06, 0
0.9844223022460937,0.0034057011327985436,-6.138956749026648e-05, 0
0.9848399937152863,0.0020517822255122597,-9.741351522407627e-06, 0
0.9846207022666931,0.0036750278415797854,-5.959901138083979e-05, 0
0.9824413061141968,0.006537065901917921,-0.00018451605118130487, 0
0.9838540494441986,0.002718149178144523,-3.649596614643258e-05, 0
0.9852512955665589,0.0022347036982018785,-3.878359261264563e-05, 0
0.9851845026016235,0.0021562403898156826,-2.1796800231044243e-05, 0
0.9846619248390198,0.005205661618089782,-0.00016190133857350023, 0
0.9836947560310364,0.004273048804177272,-5.728143238883376e-05, 0
0.9859423875808716,0.004341651046169657,-5.128859725047619e-05, 0
0.984520024061203,0.004145633431711901,-6.311707613129158e-05, 0
0.9861653268337249,0.005617624739884041,-0.00010826942150607976, 0
0.9850294530391693,0.004197210603363459,-8.856272808124289e-05, 0
0.9843182325363159,0.0038030931308686055,-0.00010504831390747426, 0
0.9847787737846374,0.002459211470203887,-2.6927261936293688e-05, 0
0.9846228301525116,0.004175539426795767,-7.005591133726342e-05, 0
0.9845590353012085,0.0027679625430542592,1.1461167557769159e-05, 0
0.9851440906524658,0.00443698044913478,1.017388165394095e-05, 0
0.9843993544578552,0.004401109895279446,-6.303753098748643e-05, 0
0.9865278899669647,0.009786811978173906,-0.0002763542170551858, 0
0.9828559577465057,0.0062458007607090905,8.817718709543954e-05, 0
0.9864108681678772,0.006934422139613419,-0.00036446863372106007, 0
0.9839970529079437,0.011200216345946035,-0.0007477548352600394, 0
0.9881865203380584,0.008190723867056134,-0.00015379674778834843, 0
0.9929427087306977,0.02476929329947164,-0.0005036104354974925, 0
0.9853930413722992,0.009367607152600004,-0.0002578924073514344, 0
0.9849546253681183,0.00905544493986305,-0.00023104566223430822, 0
0.98629429936409,0.005871798720217565,-0.0001896579176392521, 0
0.9856932938098908,0.004404285568383057,-0.0001089139660518157, 0
0.9828889012336731,0.004459169091232938,-0.00011046337754763159, 0
0.9837125718593598,0.0065769678488512735,-0.00023212400876069242, 0
0.9850819706916809,0.00623196634305131,-0.00010208362970587359, 0
0.9839240193367005,0.007138143033536277,-0.00017283851293257158, 0
0.9845761299133301,0.008268187062158702,-0.00022428415444011304, 0
0.986676675081253,0.008088559407848276,-5.573949417190247e-05, 0
0.9862756311893464,0.005557700716516145,-3.636975542740118e-05, 0
0.9857078969478608,0.0024822178905754997,-4.284499542350771e-06, 0
0.9856849312782288,0.0028336681229805113,-2.0781458491825333e-05, 0
0.9873995363712311,0.006882265508896297,-0.0002169507662085124, 0
0.9837143778800964,0.005456402902743327,-0.00013827850274452657, 0
0.9856127858161926,0.004279054686777771,-0.00011201195006407259, 0
0.9851609945297242,0.004782084949751914,-0.00010821223200849773, 0
0.9838829398155212,0.0036938018951894703,-0.0001031020376863978, 0
0.9850188553333282,0.0031865010855738622,-4.1268330634025575e-05, 0
0.9854462563991546,0.004102092638945023,-8.441008107560322e-05, 0
0.9860240340232849,0.001501319429949043,7.930947310796911e-06, 0
0.9847390592098236,0.005285593982336268,-1.0975509997734869e-06, 0
0.984535402059555,0.005442880504338887,-0.0001764130945648645, 0
0.9872796893119812,0.008264968470039104,-0.0001293580002496242, 0
0.9841489315032959,0.0020619339833227433,6.666583966108418e-06, 0
0.984120112657547,0.006887546721116987,4.709890599876588e-05, 0
0.9844992637634278,0.006419502752859867,-0.00021497657789169015, 0
0.985379159450531,0.004642566262030572,-9.073958069194532e-05, 0
0.9843875765800476,0.003739356176794109,-7.853274801661314e-05, 0
0.9854798197746277,0.005291043972778041,-0.0002243104071318669, 0
0.9849900901317596,0.004341512310875321,-9.541460415540826e-05, 0
0.9851925551891327,0.005288224269851735,-0.00011153547614703996, 0
0.9852488160133361,0.004936243970386838,-0.0001561471148875171, 0
0.9849608421325684,0.004115420133544235,-0.00011588422021588938, 0
0.9854921877384186,0.006021626222356971,-0.00028203046580053124, 0
0.9850807905197143,0.006629789231184029,-0.0002452952624537375, 0
0.9844357192516326,0.004520752226894076,7.756871787059084e-05, 0
0.9853332817554474,0.003925784444572868,4.225457180275782e-05, 0
0.9822922885417938,0.003359821795289012,6.646218321968433e-05, 0
0.9893353164196015,0.01380212081194504,-0.0005494562139777058, 0
0.9890801727771759,0.007408226968286583,1.9074982010280886e-05, 0
0.9856294870376587,0.0056446490402085134,-0.00023787254675653455, 0
0.9865037262439728,0.004439950702946182,-0.0001395451807692183, 0
0.985026729106903,0.0054737780012304,-0.00017545075783829134, 0
0.9861340045928955,0.004997159872266937,-8.913562251464669e-05, 0
0.9862495839595795,0.005556607046932269,-0.00018168683715167336, 0
0.9847437381744385,0.0068776833798813355,-2.4390499222448626e-05, 0
0.9862210154533386,0.00588973046635202,-0.00022499756013161232, 0
0.9862049579620361,0.0047118855645613055,-0.0001591346868842436, 0
0.9876122355461121,0.0031815208626604086,-2.3389144894281346e-05, 0
0.9850694954395294,0.004084033097714765,-3.655566162983347e-05, 0
0.9864601910114288,0.005859987869700305,-0.00014675571253128795, 0
0.985369336605072,0.003899694396891623,-6.785982447752304e-05, 0
0.9866510272026062,0.004492751307946888,-0.00010761325278565438, 0
0.9917852699756622,0.012059133796661431,0.00021254325532318324, 0
0.9866209089756012,0.00874408287468559,-5.144476192633362e-05, 0
0.987666517496109,0.004057134392676663,3.259091101703859e-05, 0
0.9879172086715698,0.005515707646827395,-0.00018364659744420921, 0
0.9860013127326965,0.0031230276021022114,-4.165579101211847e-05, 0
0.9869312584400177,0.005601694041501845,-0.0001295486711331506, 0
0.9877918899059296,0.012907954844522559,-0.0001315027949292613, 0
0.9859873950481415,0.008616435378791755,1.9807818469885774e-05, 0
0.9875778436660767,0.008413343717134225,-0.0005698246971462594, 0
0.9919815838336945,0.008511620563520887,0.00044239338836185024, 0
0.9972042202949524,0.013853619115488075,0.0005805994556929761, 0
0.9902815401554108,0.011756672425498002,-0.00022026367653857904, 0
0.9889787137508392,0.0073314563917465094,-8.309317456323129e-06, 0
0.9873683512210846,0.011233783027186119,-0.0008129387046164283, 0
0.9801509320735932,0.021846667597144362,-0.0016657977078903487, 0
0.9903528571128846,0.01367865257240473,3.5101676786553288e-06, 0
0.9873596012592316,0.012234739542900736,-0.0010016671699975886, 0
0.9867115437984466,0.009981493098040495,-0.00024701306152117295, 0
0.9863227367401123,0.0033628141469302943,-6.772156649006433e-05, 0
0.9853562891483307,0.003078330823289889,-6.32545573925114e-05, 0
0.9864986956119537,0.004583209237618126,-0.00013642340864414846, 0
0.9853424727916718,0.004459634922424204,-9.641637551816018e-05, 0
0.9867008626461029,0.0033071847190176648,-1.854941667467358e-05, 0
0.9871559917926789,0.003388386825201076,-1.2633258925731639e-05, 0
0.9862132251262665,0.0028496720784254876,-4.9834665244219435e-06, 0
0.9858138263225555,0.002964419020183967,-1.874400074974858e-05, 0
0.9875741124153137,0.005643382649073199,-6.566788329962494e-05, 0
0.9844144284725189,0.016356767086094116,-0.001594800307172406, 0
0.9864693880081177,0.003607760514716641,-7.898470535394608e-05, 0
0.9877303898334503,0.005609778530905756,-0.00020702009213060537, 0
0.9869106888771058,0.014104163675287641,-0.000534030472942959, 0
0.9919358909130096,0.013095360772408344,-0.0004069680282331234, 0
0.9881523191928864,0.011085086966170827,-0.0006342979461781087, 0
0.9861002564430237,0.012050791425918654,-0.0006898851630019465, 0
0.9855780899524689,0.0038953630744740135,-4.465431616473836e-05, 0
0.9870994806289672,0.005111215680222856,-5.4012273041337265e-05, 0
0.9863761365413666,0.004793313940794261,-0.00016061334334516175, 0
0.9850605666637421,0.003403888155181498,-5.2430127649572e-05, 0
0.9851670384407043,0.004542564153852554,-0.00012344301404141334, 0
0.985484653711319,0.0020592279178221853,-2.338640122836466e-05, 0
0.985139662027359,0.0031724558022669723,-5.350640137216089e-05, 0
0.9855354726314545,0.003785766521226723,-4.899643560385414e-05, 0
0.9851953029632569,0.0026027325147986737,-2.2890939020214775e-05, 0
0.9851813733577728,0.003033356820445994,-5.266549088354111e-05, 0
0.9868425488471985,0.003060806250138436,1.8000140592278057e-06, 0
0.9847248494625092,0.0012511314023589098,-1.8130074739275415e-06, 0
0.9852979719638825,0.0038934229615695637,-9.663998475097912e-05, 0
0.986413198709488,0.0020445064460410506,-1.3282248772483742e-05, 0
0.9857251405715942,0.0045049804283388995,-0.0001586170483300009, 0
0.9854485154151916,0.002672166112333072,-4.0757817524905705e-05, 0
0.9845224797725678,0.0037930636559813688,-0.000117294555436942, 0
0.9860081195831298,0.004282476760694486,-6.876010766418972e-05, 0
0.9965047180652619,0.0327519794139539,-0.002143774721862357, 0
0.984240460395813,0.006483943639025422,-0.0003172555536764321, 0
0.9852862060070038,0.0050896130939841605,-0.00018827979285340746, 0
0.984903085231781,0.006345844516475959,-0.00014008093540383013, 0
0.9877763867378235,0.003568984518505957,-9.139866555827326e-05, 0
0.9866770088672638,0.004765004393554654,-0.00012000098648776714, 0
0.9862086474895477,0.00573548966011239,-0.000155948411103779, 0
0.9862001299858093,0.0038988185898885604,-0.00011234783091964572, 0
0.9863378703594208,0.00533637449426846,-0.00010104669144617162, 0
0.987201476097107,0.00379349059982257,-2.643719326158589e-05, 0
0.9878352403640747,0.003721920993516597,-4.6734936420023124e-05, 0
0.9855600595474243,0.0038486381296177446,-5.532893408144446e-05, 0
0.9889991819858551,0.01127117373461632,-6.55004507738255e-05, 0
0.9856854140758514,0.010705555490769859,-0.0004852294019638492, 0
0.9868915975093842,0.008618370733620626,-0.00032622145541161274, 0
0.9836421608924866,0.006213395213167702,-0.0001259523251029293, 0
0.9858739376068115,0.0020759995593093144,-1.0637245122069316e-05, 0
0.9893661916255951,0.009085286432345147,-0.00042905203550667185, 0
0.9882534682750702,0.007772514227107483,-0.00015827913807733295, 0
0.993698102235794,0.020311316109072473,-0.0013954032797901304, 0
0.9808781564235687,0.022369917720944692,-0.00042939685123108976, 0
0.988035362958908,0.02231038931263876,-0.0006980511019666124, 0
0.9916918575763702,0.06367511280974202,0.0013319235554458686, 0
0.9777737200260163,0.04062770816000132,0.00388403414639491, 0
0.9809842526912689,0.010734798027569119,0.00028053649326800214, 0
0.9820416510105133,0.010620511306649236,-4.42767061525018e-05, 0
0.9799460887908935,0.004898756627351158,-1.6234617605448426e-05, 0
0.9774185836315155,0.00907465630850066,-0.00012849059977746436, 0
0.9821301162242889,0.006135728382005834,-0.0002867319783316447, 0
0.9838051557540893,0.007216397774199692,-0.00036163054795537166, 0
0.9842772901058197,0.009657906914345833,-0.0002069613528906444, 0
0.9821460902690887,0.006274458037794894,-0.0001969092475352596, 0
0.9809947729110717,0.009677234875065362,-6.426500882170672e-05, 0
0.9828335046768188,0.007225432563807426,-0.000331711646726518, 0
0.9806723475456238,0.005393289664882432,-0.00016472068624437953, 0
0.9831655383110046,0.004683061235362044,-5.209477261871598e-05, 0
0.9817280232906341,0.0029091738812054772,-2.6247208897345332e-05, 0
0.9794774770736694,0.005251933936346592,-1.896609911753444e-05, 0
0.9848108470439911,0.00437858871814606,-0.00013420198485256663, 0
0.9821901679039001,0.0036373835405094836,6.110249360347098e-06, 0
0.9820397138595581,0.003389102673993132,-2.801790240170019e-06, 0
0.9813576340675354,0.006162426994407913,1.534680721348991e-05, 0
0.981278783082962,0.007602627487109043,-0.0001341646058502732, 0
0.9826321482658387,0.005575418882895551,-0.00017903196100874653, 0
0.980903971195221,0.005117807111605071,-0.000131078782762728, 0
0.9826454222202301,0.005097339080506316,-7.554380143126593e-05, 0
0.9835472226142883,0.0033240649427810705,-2.4641677690340193e-06, 0
0.981104040145874,0.005381805404655961,-0.0001133905497198384, 0
0.9846459686756134,0.006746026203570121,-0.00024050240795538968, 0
0.9836818754673005,0.006311876271843639,-0.00018392062692704762, 0
0.9822108328342438,0.004845760503948412,-4.6520073325595496e-05, 0
0.9867424607276917,0.014609934110058674,-0.0004881403826558994, 0
0.9847757816314697,0.0056879425914324894,8.43900888725102e-06, 0
0.9841112911701202,0.0074873399860835455,-0.0002812189075559246, 0
0.9783699035644531,0.010958518652311061,-0.00010201956218978126, 0
0.9825026154518127,0.0052097721051767775,-6.440088964367873e-05, 0
0.9819838106632233,0.005054684536692822,-2.984061970856544e-05, 0
0.9837169468402862,0.00891926046754246,9.201444506636843e-05, 0
0.9817584097385407,0.0026931710182980916,-1.602505062017201e-05, 0
0.9822872996330261,0.004245087461034437,-0.00011335223815720494, 0
0.9825754344463349,0.00805831133553264,-0.0002538396368262141, 0
0.9837104082107544,0.00622735855011003,-0.00020339650153999855, 0
0.98379185795784,0.004430662440068096,-3.89920381866915e-05, 0
0.9813706755638123,0.005534723936088657,-3.25965867077116e-05, 0
0.9831914067268371,0.0024375691405794917,-2.9888905883979076e-05, 0
0.9826430022716522,0.0024963579503631036,-1.6067226205862537e-05, 0
0.9811694085597992,0.002807718809840317,2.1242437334123564e-05, 0
0.9821328222751617,0.0019258557005023404,6.508840488805845e-07, 0
0.9829400181770325,0.0030625097990413875,-3.823654076740013e-05, 0
0.9822527587413787,0.007381782820081682,-0.00016571122408812756, 0
0.9833210051059723,0.0033516612407302913,-4.60368772902342e-05, 0
0.9824465453624726,0.0033082575085260375,-3.560668727367045e-05, 0
0.9822917401790618,0.007419215680062084,-0.00027220425564387083, 0
0.9813580989837647,0.006853734891349883,-0.00014461482566616724, 0
0.9863752663135529,0.010256173801914027,-0.0003867186348788464, 0
0.9827573895454407,0.002190224252513362,-1.4100715070242131e-05, 0
0.9818163454532624,0.0053753912220468455,-0.00019372214093529296, 0
0.9835549533367157,0.00589502339830773,-0.00010232120151734137, 0
0.9827718257904052,0.004967447051689625,-2.1275812544274688e-05, 0
0.9825495719909668,0.006582238520485753,-0.0002405008372384998, 0
0.982250589132309,0.002989757050767476,1.1669592794660843e-05, 0
0.981709998846054,0.01084061844017125,-0.00029702193933864865, 0
0.9823738157749176,0.002756239944235824,4.094561362322226e-06, 0
0.9832980096340179,0.002734285328491144,-1.634325149915128e-05, 0
0.9829101741313935,0.0038955805114098095,-6.76186049478389e-05, 0
0.9840279638767242,0.0037897021332985257,-5.001518675804562e-05, 0
0.982632040977478,0.005652964081268334,-0.00016991115518294464, 0
0.9829177320003509,0.004792327713096913,2.6321082454572325e-05, 0
0.9822764933109284,0.00839356711487288,-0.00042063691434925945, 0
0.9824130594730377,0.007837848807538135,-0.00041520812577324764, 0
0.9828726589679718,0.004950469355546025,-6.0226033287946736e-05, 0
0.9810807824134826,0.008067575852594515,-0.00033334971438279124, 0
0.9835671365261078,0.006400055499070491,-0.00013250471463486233, 0
0.9829306304454803,0.005282326180536386,-0.00011118794323472514, 0
0.9834689199924469,0.005599939908064576,-5.15731952415166e-05, 0
0.9827176451683044,0.003429140309179399,-2.8677664798948398e-05, 0
0.9846500813961029,0.005493637450599637,-9.503415343594667e-05, 0
0.9829868018627167,0.009343873673196824,-0.00025320062320624, 0
0.9802734613418579,0.023579100351142496,-0.002536756112553462, 0
0.9852980613708496,0.02596301676333408,-0.0024512363406316243, 0
0.9833193361759186,0.02570481011134661,-0.003050017910201675, 0
0.9812157571315765,0.009524766720195909,-0.0002867077765419168, 0
0.9833862960338593,0.021566085048002722,-0.002835400756928763, 0
0.983254897594452,0.005293004013080134,-0.00010302295052753153, 0
0.9811273992061615,0.010478245647234707,-0.0004012302370060894, 0
0.9830191671848297,0.003671691699028597,-6.284641232348064e-05, 0
0.9812220931053162,0.005170731177239142,-8.916556243221407e-05, 0
0.9841970026493072,0.007682497184637971,-0.0003240689418571918, 0
0.9830743074417114,0.002721679822579531,-1.0969500209512262e-05, 0
0.9835475623607636,0.0034420426875756893,-9.130922955371546e-05, 0
0.9842603981494904,0.003579069043209342,-1.3253799593471177e-05, 0
0.9828806817531586,0.0025138348456363543,-4.193865070867275e-05, 0
0.9837301671504974,0.0030145219985576056,-4.675283445898515e-05, 0
0.9841335594654084,0.004881880483191803,-0.0001397248801740858, 0
0.9839435338973999,0.002723281634718393,-3.775740533882299e-05, 0
0.9840560257434845,0.0032573349018177296,-3.486333238278405e-05, 0
0.9844163835048676,0.0022054444396230905,-2.350879586963117e-05, 0
0.9860629796981811,0.008587089565617106,-8.577824071522853e-05, 0
0.9835694611072541,0.0034672283722651603,-9.274342836462774e-06, 0
0.9823712587356568,0.0057211691804257,-0.00018774085228088214, 0
0.983685564994812,0.0027862436117974164,-4.1902796601078754e-05, 0
0.9837479293346405,0.004084869095844788,-3.9435139603583025e-05, 0
0.9795209348201752,0.026416094365213236,2.437186129711135e-06, 0
0.9760288536548615,0.04099720828295277,0.0030941192508709752, 0
0.9895861327648163,0.015671660807581145,-5.1255289566043496e-05, 0
0.9847630500793457,0.01229588944876632,0.00011978565424328736, 0
0.9850515305995942,0.007918812485386588,-0.00013960093939822114, 0
0.9870002090930938,0.004442803118715862,-7.701190472495512e-05, 0
0.984392911195755,0.005322737271395187,-0.00013773733490829443, 0
0.987690144777298,0.004469581399249677,-5.7222258931588493e-05, 0
0.9848498404026031,0.003274895432783049,-5.238946322627669e-05, 0
0.9848405003547669,0.006546323788143421,-0.00012560424286931494, 0
0.9862079203128815,0.003122772858369628,-3.1338861290564074e-05, 0
0.9860005497932434,0.0048045447376906195,-0.0001143651607492302, 0
0.9875882029533386,0.009735473591106594,-0.0004008903675639886, 0
0.9868092894554138,0.0037839263512245707,-1.3163953474304436e-05, 0
0.9861006557941436,0.0033387041712844463,5.3632488420518606e-05, 0
0.9860663115978241,0.0050219883429253945,-6.18134536036763e-05, 0
0.9859115183353424,0.005606517208624623,-0.00012272405767710381, 0
0.9860987365245819,0.005551467057174793,-0.00011624898833240138, 0
0.9863754630088806,0.005971714031757838,-8.229412566649329e-05, 0
0.9873733401298523,0.004173852740660424,-6.438190738009553e-05, 0
0.9856810629367828,0.004416992432555539,-8.481422667152571e-05, 0
0.986946314573288,0.0033658963199679954,-5.530011877752372e-06, 0
0.9869518399238586,0.004028632183936123,-0.0001173895370328637, 0
0.9859928011894226,0.004864563289780369,-5.036592892224689e-05, 0
0.9859610319137573,0.004857764948843424,8.082893310259464e-05, 0
0.985532158613205,0.0049769499025962005,-0.00012473696879702345, 0
0.9884437203407288,0.010261491522312751,-3.0822743828906615e-05, 0
0.9865368962287903,0.011994793227058688,-0.0008459820612557677, 0
0.985212916135788,0.009127015268027656,-0.00058633470470717, 0
0.9873852550983429,0.011999091037748967,-0.0008472518348622059, 0
0.9861044824123383,0.004889828758122957,-9.866955418083027e-05, 0
0.9868034601211548,0.005592711993026716,-0.00022211518013079968, 0
0.9865684568881988,0.006104820030848342,-0.00029546290297624014, 0
0.9873782873153687,0.006158772589225425,-0.00013771090593337474, 0
0.9903318583965302,0.015950075168252194,-0.000815934765137527, 0
0.9877606809139252,0.007480005392109796,-0.0002650729558904886, 0
0.9839615225791931,0.009793519429104494,-0.0002990048373092691, 0
0.9881563305854797,0.00983555174696615,-0.0004648238648968572, 0
0.9876381874084472,0.006488412937887347,-0.00010515282591825325, 0
0.9829569697380066,0.014535349990050388,-0.0010063454714902777, 0
0.9866864085197449,0.008767409177511596,-0.00046727671224999767, 0
0.9856612861156464,0.007575071534640741,-0.0002692164039569178, 0
0.9866251349449158,0.007872598237960143,-0.00041195444599040343, 0
0.9853880167007446,0.006520325543995012,-0.00015908975357206148, 0
0.9896506130695343,0.010137461583341955,-0.00034694712529805824, 0
0.9862298905849457,0.006902831389480756,-9.317003102218277e-05, 0
0.9869303405284882,0.00605331540662985,-0.00011324668195378251, 0
0.9875745475292206,0.0029318847171789027,-3.374336730921357e-05, 0
0.9859822392463684,0.0034788416102130046,-2.4905655958917805e-05, 0
0.9856684863567352,0.005020401179395617,-0.00018753243104931985, 0
0.9864303886890411,0.002842206594802845,2.165097282258444e-06, 0
0.9861285984516144,0.005671208907734008,-0.0001018413707232213, 0
0.9867680251598359,0.0034362592930097056,-3.3309759092858825e-05, 0
0.9866647303104401,0.003580257962225105,-8.473220307401163e-05, 0
0.9860966205596924,0.001711693701557665,3.2666004976533713e-06, 0
0.987198781967163,0.003589271872017186,-5.526387897134555e-05, 0
0.9888527452945709,0.0023919215270680034,4.536444730618429e-06, 0
0.9882578730583191,0.00415677226521681,-5.818653760556458e-05, 0
0.9861617147922516,0.0029772306083804246,-4.55774691804578e-05, 0
0.9865037798881531,0.00221062641961705,-2.0158899367572758e-05, 0
0.9870771288871765,0.005544201860497321,-0.00016567419841493348, 0
0.9865118503570557,0.004920815337923062,-0.00021789662197804204, 0
0.9839839041233063,0.007017658434768002,-6.915098325599445e-05, 0
0.9858706653118133,0.0031038397945052326,-5.349902675924056e-05, 0
0.9879253447055817,0.004532508694427412,-9.481191202489469e-05, 0
0.9841633975505829,0.005307649419267975,-0.000117608110656775, 0
0.9890262544155121,0.004571207268678026,-2.0677588004858185e-05, 0
0.9856177985668182,0.0041493039246977515,-6.023067484726141e-05, 0
0.987345564365387,0.009982202035824062,-0.000593401596583476, 0
0.985487186908722,0.014880896920458932,-0.0005902674729497903, 0
0.9866482138633728,0.007736757107299367,-0.0003220434751064261, 0
0.9882184147834778,0.007154342369218975,-0.00022579543504761546, 0
0.9844442546367645,0.007392453154507161,-0.000295184119270786, 0
0.9878031551837921,0.0059389522149624,-0.00018777734903387963, 0
0.9884154677391053,0.006827886748597588,-0.00025556892328069123, 0
0.9867881715297699,0.003512743943444573,-1.954753750830207e-05, 0
0.9858358502388,0.004117362765906822,-0.00010230819179568584, 0
0.9872940301895141,0.0036566818862402042,-5.7921449224096476e-05, 0
0.9848523139953613,0.006234288278322551,-0.0002905352598929767, 0
0.9871238648891449,0.007306021638853579,-0.0003810505696360877, 0
0.9871270418167114,0.005851591137825519,-0.0001440138928842316, 0
0.9863292813301087,0.00898686617973096,-0.00034520998280598294, 0
0.9867365300655365,0.004975415029639017,1.0426182189249294e-05, 0
0.9875134825706482,0.0041115070218310104,-0.0001075607664624556, 0
0.9857333958148956,0.0028297919671035183,3.533691166879294e-06, 0
0.9867367446422577,0.0028486450528204493,-2.6198753269923714e-05, 0
0.9865350782871246,0.0032803384766713455,-5.1327456120375815e-05, 0
0.988558155298233,0.0041050193186613895,-0.00012242926398862153, 0
0.9861673772335052,0.003521818899184852,-3.176456745670464e-05, 0
0.9865780711174011,0.0037434528376984856,-1.9673634950834186e-05, 0
0.9862823367118836,0.006010440316860839,-0.0002135078032004856, 0
0.9881617188453674,0.004115104672288563,-0.00010569128650530502, 0
0.9878001987934113,0.004683999902905204,-0.0001438200013584634, 0
0.9883889257907867,0.007825700646173632,-0.0003413398596361361, 0
0.9860741436481476,0.027045148763632933,-0.005458974041492226, 0
0.9874123930931091,0.011279625384798674,-0.00031509508106353223, 0
0.9880009293556213,0.008320297984575214,-0.0001899160121290322, 0
0.9881145656108856,0.006530236375126158,-0.00019130135216194333, 0
0.9859084069728852,0.0061763397561573,-0.00022681928395549278, 0
0.9870736718177795,0.002439951323125812,-2.351721398383688e-05, 0
0.9861459851264953,0.006185785146530492,-0.0002247512193399359, 0
0.9867664277553558,0.0055006934773687115,7.36608491127555e-05, 0
0.9860683977603912,0.004026607389701619,-0.0001110258952241594, 0
0.9863797664642334,0.0067928957611918805,-0.00034199841032247493, 0
0.9868972063064575,0.004783860873908066,-0.00011056503955444442, 0
0.986512279510498,0.004805485478778637,-0.00011870095685608816, 0
0.9867174565792084,0.007530993946819874,-0.0004681533941418792, 0
0.9881077706813812,0.006066010493355681,-0.00019925327627667855, 0
0.987362676858902,0.0064809000924497635,-0.000316884630223413, 0
0.9878418326377869,0.004347340087548013,-0.00011880590139199399, 0
0.9829530239105224,0.006627850359455146,0.0001415000277006584, 0
0.9850779056549073,0.009385473131548253,-0.0004211854311769514, 0
0.9881040334701539,0.00516797183840372,-0.00014859046157909007, 0
0.9861165285110474,0.004564583463824236,-0.00010926287175294647, 0
0.9860410749912262,0.009119005740649645,-0.0002998005220899103, 0
0.9895760297775269,0.005714643782120447,2.45696796795869e-05, 0
0.9879242658615113,0.011050191218022642,0.00035924351952445474, 0
0.9849429607391358,0.010970137560651703,-0.0007189321792623104, 0
0.9854143559932709,0.004286643393816413,-2.2135732431038946e-05, 0
0.9862687766551972,0.01733476218271079,-0.000384550108417514, 0
0.9919263660907746,0.02055722588027265,-0.0018344519387380129, 0
0.9861005425453186,0.01182962268482537,-0.0005900687964036423, 0
0.9868535161018371,0.006072311078424281,-0.00018178049132302476, 0
0.9881989181041717,0.004138306747295791,-5.00134255393192e-05, 0
0.9861932277679444,0.006671892966213451,-0.0003204704638989142, 0
0.9863062620162963,0.005045667772334308,-0.00016029314181906785, 0
0.9853396952152252,0.005695984781472555,-0.00013661304641168214, 0
0.9882219791412353,0.0036030897037195547,3.222800108702017e-05, 0
0.987941426038742,0.005424305621960441,-0.00022113417761069343, 0
0.9866216540336609,0.002225638797561145,-4.116146842392254e-06, 0
0.9872041940689087,0.003695482287575589,-5.1559186591276784e-05, 0
0.9863993763923645,0.0029906768470877435,-5.6590462330774466e-05, 0
0.986870938539505,0.00221376817357577,-1.706266471082074e-05, 0
0.98808473944664,0.004800860271249145,-0.0001710206346960064, 0
0.9870978713035583,0.0030403977067036685,-5.555338655014452e-05, 0
0.9872777581214904,0.003158621077546376,-6.179551121618942e-05, 0
0.987101149559021,0.0039844038734103936,-8.81817869512247e-05, 0
0.987404865026474,0.0053300952847737185,-0.0001756836312512888, 0
0.9880349516868592,0.005027597453488585,-0.0001863574615775576, 0
0.9872512102127076,0.003694730713939146,-8.615947590016048e-05, 0
0.9855883479118347,0.006179885777105952,-0.00014042970562258005, 0
0.9918994247913361,0.015887407328839396,-0.0009032601582003254, 0
0.988036322593689,0.006876955789808012,-0.00011673345055172036, 0
0.9872623264789582,0.008091093793941743,-0.0004962487475697941, 0
0.9907676041126251,0.01170572368935512,-0.0002976326447100774, 0
0.9874237716197968,0.004541220024553796,-0.0001236893981481302, 0
0.9874192535877228,0.003298282988166943,-4.6200871221557806e-05, 0
0.9875187397003173,0.002843997289950264,-4.769729693521186e-06, 0
0.9873710215091706,0.00423255957484455,-8.419176909448823e-05, 0
0.9871125280857086,0.0018407074447948524,-1.529565183169268e-05, 0
0.9871677041053772,0.0030282288854260398,-4.534615721283331e-05, 0
0.9867906987667083,0.004139553703694986,-0.00010558261882884779, 0
0.9850290954113007,0.005004509102131253,5.4275257706848365e-06, 0
0.9875874876976013,0.007202214089680708,-0.00025170341747440263, 0
0.9857780814170838,0.004234113655257013,6.4801012399584635e-06, 0
0.9884982287883759,0.0026633772663281216,-5.871273124178345e-05, 0
0.9875565111637116,0.004649283184216686,-0.00010515046361128099, 0
0.9857338786125183,0.004370915049752017,-6.9583209194235e-05, 0
0.9848928153514862,0.004651812681331023,-3.311967555141848e-05, 0
0.9878286004066468,0.006078935233645182,-0.00014299336283372097, 0
0.9880045235157013,0.005061560062732823,-3.763942300558654e-05, 0
0.98564612865448,0.005349322928164634,-0.0001579881322264498, 0
0.9871815085411072,0.004637466056499043,-8.366560012120771e-05, 0
0.9869735836982727,0.002956844233469838,-4.216675691282035e-06, 0
0.9870520532131195,0.004225994033637778,-5.6517699023928e-05, 0
0.9866779267787933,0.004664485028370804,-0.00016511079895273895, 0
0.98685023188591,0.01452688638144062,-0.0010418030339653939, 0
0.9866350293159485,0.010397086797460622,-0.0007486822294211493, 0
0.986910593509674,0.004835176099675854,-7.509080666210367e-05, 0
0.9874902069568634,0.007050029925096049,-0.00014957986421215708, 0
0.9870734930038452,0.013445429435745075,-8.973769207329942e-05, 0
0.9887219190597534,0.022301599104462066,-0.001933681952385058, 0
0.9862387478351593,0.00830029869721469,-0.00016119384128465697, 0
0.9954728186130524,0.03587444605679093,0.0008191982622580696, 0
0.9867038726806641,0.010820684703569847,-0.00035263810202934565, 0
0.987937843799591,0.005332878924679783,-7.89503131088054e-05, 0
0.9871193170547485,0.005281306661004882,-0.00016101937709933623, 0
0.9884967148303986,0.004662144830565233,-5.4840689081814284e-05, 0
0.9868186175823211,0.007087082777227837,-0.0002470737272840751, 0
0.9890951812267303,0.007675232215565942,-7.884677540737073e-05, 0
0.986828887462616,0.017086805750730617,-0.0014743109334872883, 0
0.992795979976654,0.03219869909764715,0.0016472242680066525, 0
1.7385654330253602,0.007589919623643614,-0.0001101077273531814, 1
1.771369755268097,0.06136681161650699,-1.3863431796323766e-05, 1
1.9978368759155274,0.3565894477798302,0.37579505813150715, 1
1.9139127075672149,0.9994096501883826,2.3728834234065337, 1
2.3014113545417785,0.8857359434208416,4.0586591103183185, 1
2.220339745283127,1.837017892707375,5.59165908278006, 1
1.921170276403427,0.8166228760487719,-4.437102889564588, 1
2.0133638441562653,1.061918241725808,6.577864405141675, 1
2.366481077671051,1.7522290890283505,-4.3517037928017865, 1
2.3135543346405028,0.6967033598939343,2.448096413652982, 1
2.043547731637955,1.8057848611482197,2.6949918384834577, 1
2.2814293026924135,0.6814654445200461,0.9561711681850353, 1
2.2051007449626923,1.5378518433845625,2.922579219663133, 1
1.995788860321045,0.677887731780795,-1.3449530141845059, 1
2.4215680599212646,1.9952171258496028,10.197946422090233, 1
1.9670204102993012,1.5838094478065017,-9.226272139378029, 1
2.1314989924430847,1.3283057754813852,10.226806427880483, 1
2.506772291660309,1.4728685072691603,-3.9562350250456877, 1
2.262308877706528,0.9381199650271771,5.326788659493278, 1
2.1738028466701507,1.787153481027896,-3.437324004677926, 1
2.2788594722747804,0.4804015175380601,1.3726271882991, 1
1.9131349742412567,1.3641287381469613,6.492566862291386, 1
2.27903037071228,0.7350241900389227,3.383541042985604, 1
2.2555035054683685,1.8332829702771396,5.6264047760473295, 1
1.9541678786277772,0.6238171617173186,-0.8593341757389924, 1
2.3343540251255037,1.5036325154986172,9.616385450222058, 1
2.4075563460588456,1.3989846244258974,-2.125740444176683, 1
2.0446007788181304,1.0050371887202554,6.603723992175162, 1
2.4413121819496153,1.9298988818405256,-5.96026665071888, 1
2.3646059036254883,0.7869686698298327,3.6105096272058574, 1
2.068540263175964,1.8068993652101588,-1.5891457829058822, 1
2.1955417513847353,0.7423702171513931,3.2643175593131546, 1
2.2270984172821047,1.6202441298226145,2.703056369751057, 1
1.8942565500736237,0.9343433281788134,-1.3779714174307178, 1
2.0541311383247374,0.8904080102565683,4.076196761928457, 1
2.141794149577618,1.1580608718591001,-4.510908883253235, 1
2.1816083073616026,0.9495340378102604,6.778217023583441, 1
2.226061135530472,1.458564534678008,-1.4823307390567297, 1
2.264904832839966,0.7235099318467306,3.309877146837602, 1
2.209534752368927,2.1595422287681365,-11.155604045733385, 1
2.2758307576179506,0.7370770022347806,3.0117774634228724, 1
1.9483282685279846,1.7349819713483756,0.6671786874679233, 1
1.8535801649093628,0.8990886991880177,-1.5774553686711794, 1
2.3270671665668488,2.0366840898580616,10.640429141538302, 1
1.4715212613344193,0.9131160571183766,-0.35673298562403527, 1
2.1683979988098145,1.1945937481400926,7.311183329341177, 1
2.53170927464962,1.9656368392745185,-11.904127237789286, 1
2.225074577331543,0.9452608644085383,6.092979505625285, 1
1.9259521692991257,1.163767758757953,-4.272916935174749, 1
2.342907416820526,0.7852321929457222,3.399547407268925, 1
1.9080275803804398,2.4166755648831852,-8.499959289779675, 1
2.4941471338272097,1.117661503036875,4.574262362158668, 1
2.0359608978033066,1.412939641539747,5.298891823453702, 1
2.1975704938173295,1.1605002893905034,-2.2313514807081236, 1
2.1487551629543304,1.8514484664336996,-0.1447127721310597, 1
2.0955397307872774,1.302710696012513,-3.279353988707914, 1
2.35253044962883,1.515705385780747,0.4371973410811787, 1
2.1604751527309416,1.0165728565789804,5.938496727909762, 1
2.2211385756731032,2.064972023013139,-7.877610837127337, 1
2.5027079939842225,0.857950624499103,1.807331619787862, 1
2.0953554570674897,2.0049538251367927,-5.366663589034538, 1
2.320529580116272,1.1057554439859965,5.722573613697691, 1
2.19131863117218,2.0739970598527453,-5.189419549334545, 1
1.9005824148654937,1.061519275180176,-3.031069592329455, 1
2.3514901995658875,2.090897813504439,12.454767486351823, 1
1.8157546818256378,0.9866387889859184,-5.1121671551959995, 1
2.008907788991928,1.1214872173614714,8.811074903076957, 1
2.489390331506729,1.5176733322929576,-5.805780734240674, 1
2.3459799349308015,0.9093775753485056,2.612924749600736, 1
2.219374752044678,2.1179058860710835,-5.319073817724891, 1
2.3304863572120667,0.7852218793837364,2.298108809358702, 1
2.0006797134876253,1.9059736537488305,-1.1865805300201195, 1
2.3209393501281737,0.8771204257272222,4.342929691203372, 1
1.9320003688335419,1.3260070608093404,3.0372930016889033, 1
2.305464744567871,1.3719155823050777,-3.5091442964660757, 1
2.040345126390457,1.1787482083329062,7.276695119885281, 1
2.350097280740738,1.6546524009899162,-5.143973556173538, 1
2.1565268456935884,1.1821134259986519,6.6866305495129446, 1
2.460039746761322,1.811546302263133,-14.671140650941313, 1
2.322749209403992,0.6931870138548304,2.0904328211146375, 1
2.203680843114853,2.0989529530941784,-2.6060405235614983, 1
2.1684011220932007,0.6612932414295802,2.5368639145836767, 1
2.105016714334488,1.803375621476594,-2.118984551401674, 1
1.6987852811813355,0.3927176236900917,-0.2965340126060084, 1
2.105187326669693,1.2558825457620604,8.87955347880353, 1
2.254664796590805,1.2844098563226054,-7.116135527540695, 1
2.065070855617523,0.968356116663793,5.983308824501622, 1
2.238225942850113,1.8683782771025914,-8.36529895275119, 1
2.341363525390625,0.9444779936546392,5.549676877196271, 1
2.1315431773662565,2.277004019345522,-14.080470061506668, 1
2.4129555344581606,1.0334504497457233,3.688156802258389, 1
2.043978878855705,1.847464787115762,-5.52422216387598, 1
2.2448697805404665,0.8148509534418261,3.2752001814110714, 1
2.0226735532283784,2.067516285108528,-7.364286231789487, 1
2.137372350692749,0.9754111491496588,1.2345132217365853, 1
2.2013708263635636,2.073926604714531,4.423407530036448, 1
1.8901006639003755,0.715867571209892,-1.6450530362380746, 1
2.086328613758087,1.1210027753495595,7.49722015362846, 1
2.410940968990326,1.611197388237819,-4.3991888147914135, 1
2.48466010093689,1.0165494157611294,4.326137853039148, 1
2.277815121412277,1.9964395208917984,-13.154102367441022, 1
2.4389981985092164,0.9346277693480881,5.254047860667238, 1
1.8707357585430144,1.563172703351605,2.6073610061686017, 1
2.29946511387825,0.8912255687671758,4.583677354366826, 1
1.9172439575195312,1.423336932226357,4.780311789813172, 1
2.1593350768089294,1.019675313726978,-0.37252820682986254, 1
1.991231268644333,2.09436128621422,-3.962775655335478, 1
1.9865410268306731,0.9269246983306455,-1.616942709041247, 1
1.9684782803058625,1.1661359178140838,7.484540318909955, 1
2.4035095036029817,1.299305848073403,-1.1861555816333436, 1
2.399544024467468,1.1008764466470495,4.807832500989969, 1
2.1355354368686674,1.7497125180656785,-1.1418465022198663, 1
2.3463491797447205,0.7740362765871897,2.7777835578465826, 1
1.826092779636383,1.9103236973977176,0.8226096595342618, 1
2.3402242064476013,0.8311526437070084,4.834568855440487, 1
2.323273327946663,2.072803523259775,-4.060553927347179, 1
2.014161252975464,0.8890618499037014,0.5401470810190656, 1
2.2437561571598055,1.8570929981571442,10.15552730757452, 1
1.7898189067840575,0.5567245770555432,-1.6030532778126967, 1
2.028960567712784,0.9263784949733236,4.816921495680855, 1
2.2812329947948458,1.4850782528305304,-4.678229906756473, 1
2.4091670513153076,0.5783216318844487,1.444263913983562, 1
2.099327963590622,1.8456512883510332,-2.29507132292247, 1
2.2022760033607485,0.5224447209149841,1.4575175035147354, 1
2.194368863105774,1.8651382318980823,2.4391024266967865, 1
1.8557042181491852,0.7144529894678099,-1.8283328229535218, 1
1.9280079662799836,0.9362309964074663,4.543301525132037, 1
2.203238123655319,1.7353133609713105,-7.1566022108236345, 1
2.1232472896575927,0.9147060706242015,4.6479836467145725, 1
2.0744765996932983,1.1296512014931037,1.1964245069104322, 1
2.2311506986618044,0.5585555317616931,1.4858085279136108, 1
2.0896327614784242,1.8372189451624514,-0.05625338656044371, 1
2.1435611486434936,0.7125197462412918,2.2535574308641575, 1
2.093016064167023,1.9151528426173026,-3.3887706870604988, 1
1.8433981657028198,0.46891864060229627,-0.15776519835261527, 1
1.9075133383274079,1.0402140127746498,6.1305806134958845, 1
2.2400173902511598,1.7121415482519942,-5.817735201600619, 1
2.0799264550209045,0.9339876652787297,3.3097654990740333, 1
2.1560630917549135,1.754654242235603,-2.3265909722202323, 1
2.50443811416626,0.7919144708772456,-0.6228080678160043, 1
2.0286595851182936,2.116913101801924,-11.85397143901133, 1
2.315679097175598,0.7388750192922783,3.0186339955684303, 1
1.9403080701828004,1.71098639755326,2.4836177913365427, 1
2.1188313484191896,0.6591240650470264,2.509777830439282, 1
2.311429414153099,1.9705842011932047,-0.6095198288571528, 1
1.8276720464229583,0.5494469665047413,-0.4941659092262571, 1
2.5032334864139556,2.0795492201246164,4.8990480679711945, 1
1.6883183121681213,0.45665628234148753,-1.1176966759241296, 1
2.0667445719242097,1.0191762940939326,6.681675048996837, 1
2.4242300152778626,2.0180860372821408,-15.610288823929505, 1
2.3565691232681276,0.5865721338965109,1.2806040750617795, 1
1.9231945723295212,1.8287170886734059,-0.42811752831348304, 1
2.151515984535217,0.6095105445625506,1.8564475152000541, 1
2.1856378316879272,2.127747717991297,-7.859673140558812, 1
2.2171237587928774,0.7491693403192708,2.9471537274073953, 1
2.114120897650719,1.831278963431348,2.5580024422555283, 1
1.9007835298776627,0.7680625141666282,-1.2943368084059093, 1
1.9949163407087327,1.1287660694524957,5.934777472231281, 1
2.4147806465625763,1.7996975303185534,-5.431450537650827, 1
2.347296690940857,0.9857035871898017,4.214731838541177, 1
2.1755708187818525,1.8131152511492514,0.16014802515040272, 1
2.3706625580787657,0.6652240569786957,1.4621396534835172, 1
2.0309821993112562,2.133178299703534,-1.8437673699288961, 1
2.2960036158561707,0.7808980816952664,3.090041783656646, 1
1.9990197777748109,1.5299561180238717,1.2371965237822318, 1
2.009998673200607,1.216191652730385,-5.504461333019146, 1
1.8545176267623902,0.8787337336536736,4.659436778320442, 1
2.3595528602600098,1.7241396256917634,-5.336518559538604, 1
2.352554714679718,0.7037290567795514,-0.30329538725173544, 1
2.073801112174988,1.9405689690602606,-3.871631607876929, 1
2.139113187789917,0.680409814381826,3.076657163366761, 1
2.2401881754398345,1.738175685353727,2.4690052741748616, 1
2.08008531332016,0.984816962107803,0.44393600732131366, 1
2.10360701084137,1.3649879765082986,10.334849107241233, 1
1.8515400171279908,1.0255745238956386,-6.742514578824834, 1
1.9329663336277008,0.9998205539458181,5.758297439989602, 1
2.432831758260727,1.8053317707033838,-7.095295955398681, 1
2.2316092371940615,0.8641693307554152,2.164419986783314, 1
2.1778736412525177,1.5347996894748785,-3.357645487868, 1
2.4679242610931396,0.6665694891950222,0.5153672294580587, 1
2.056803733110428,1.8589877974209226,0.25088744655206074, 1
2.173349130153656,0.6282666581543672,2.200391885277979, 1
2.164466845989227,1.9737114638865585,0.05292745798194032, 1
2.021267759799957,0.8454970243637542,-4.283040630272326, 1
2.093756061792374,1.1937788607940065,8.176351728935831, 1
2.3321961522102357,1.8958321483435077,-7.953587529914415, 1
2.2952135682106016,0.6729231184448944,2.4113149463275914, 1
2.07038254737854,1.5668898907502096,-2.528918389376658, 1
2.1998903870582582,0.48636296960946085,1.1122313530144212, 1
2.0466490149497987,1.5963215664181665,6.288670469689498, 1
2.1425498962402343,0.690765203236597,0.7441333665305989, 1
2.1972438871860502,1.5689206776296662,7.752320317937528, 1
1.758643513917923,0.5805908468545452,-1.3691689120819892, 1
2.0615027487277984,0.7862833773067899,3.4949291276815155, 1
2.2590369164943693,1.8698695800676401,-6.3696592305396, 1
2.3259617567062376,0.6268032953338699,2.309544482253222, 1
1.8731832593679427,1.6923319492389426,5.124084770470183, 1
2.2301575541496277,0.7477871935883513,3.0337698177534023, 1
1.9106375753879548,1.2124210019183348,4.178210544543686, 1
2.009092617034912,0.8562555636981709,-1.8633767125761778, 1
1.8879860877990722,1.0686441220803737,5.680993095219273, 1
2.4540256440639494,1.6288047733619004,-1.7599932659824626, 1
2.252326622605324,0.9533768566644545,5.7375417867742735, 1
2.210811322927475,1.7781481884059853,-4.924388923991545, 1
2.447253096103668,0.8315142918055729,4.454668176189386, 1
1.867616856098175,1.734490678140269,5.448215992771943, 1
2.127748930454254,0.6961016822988974,2.7184161275172314, 1
2.166776430606842,1.9848596007615542,-0.3741594986912533, 1
1.8289965271949769,0.6958940241614738,-0.17460671832545097, 1
1.837622916698456,0.9775133004856015,5.152162557006269, 1
2.2789711117744447,1.6763823582505735,-5.217521779959071, 1
2.098037576675415,0.9447871373173558,4.961960167870296, 1
2.2108060717582703,2.2700349827257984,-16.800089013050957, 1
2.433501660823822,0.8078131774603655,2.79152620629619, 1
2.2211869448423385,1.5721302854248618,-5.817369463184203, 1
2.1845240712165834,0.773463111571704,4.135128895328689, 1
2.013633391261101,1.7602791864163436,2.860805858248834, 1
2.0942033886909486,1.3448527828188015,-5.1380725845867365, 1
2.0138500034809113,0.9385449149939789,5.566840428645106, 1
2.355302083492279,1.647992068665435,-8.679416718362903, 1
2.2860983848571776,0.9078832557008061,4.033038362797194, 1
2.0252878427505494,1.9551938633688923,-7.454041345427006, 1
2.3184913635253905,0.7459063537732493,1.8905520268712426, 1
1.8914179682731629,2.2060338410416387,1.2745198284091948, 1
2.268472945690155,0.6734111691696859,2.630664639456442, 1
2.2350677371025087,1.7245667180425153,6.236146596955959, 1
1.8523088216781616,0.5206724440136696,-1.140921579804052, 1
1.964255952835083,1.1039067027521041,6.598056911132909, 1
2.4650040090084078,1.9734456946866539,-19.395641076287397, 1
2.0101708471775055,1.0524755717451015,7.259225639344043, 1
2.3269798696041106,1.9001198858567656,-11.040488728831631, 1
2.3390295177698137,1.0986937376696153,2.3174620545024207, 1
2.1443409353494642,1.9326858110117966,-4.346165312946079, 1
2.556678891181946,0.7145630642372761,1.5223419015418926, 1
2.2908012747764586,2.1014970934947557,-9.807007785828953, 1
2.332627773284912,0.6873671533252779,1.9707340536867264, 1
1.9225463688373565,1.9306389670194084,-0.8857558973472196, 1
2.362274777889252,0.9470324680366746,4.594641120081716, 1
2.162847900390625,2.3924502811162456,-16.946784719948752, 1
2.247370982170105,0.7615174496420941,2.848784384207286, 1
2.368561735749245,2.1464079236675153,-1.6202385126557666, 1
1.8600497603416444,0.5351422504137682,-0.006268612500035409, 1
2.4323058634996415,2.02797102204333,12.132589466593076, 1
2.5204155802726746,1.8405429708361667,7.394971670724603, 1
1.9314602136611938,1.0862659647754054,7.54209903446054, 1
2.396160387992859,1.8406644699771493,-8.014722006206528, 1
2.165080964565277,0.9398083102304409,6.0448116741346425, 1
2.215512877702713,1.761290072943339,-2.8355029056624126, 1
2.3851876258850098,0.7292028230603317,1.2997322830439089, 1
2.005099505186081,2.0267121334312272,-7.228844648623661, 1
2.3055004477500916,0.7500557494983708,2.042390244921073, 1
2.714178866147995,2.445831118571182,35.237704926424485, 1
2.2783322095870973,0.722375721395065,0.006827131092842373, 1
2.1605380833148957,2.326068167078021,-8.23140104255561, 1
2.111675488948822,0.6630783184472813,1.2231942827680187, 1
2.1412906467914583,1.947194139129086,4.003155168841962, 1
2.018408626317978,0.9777984833996356,-0.9043533535908299, 1
1.9532614648342133,1.1059935914492158,7.476010879905777, 1
1.826053750514984,0.49161687115068836,-1.1650578616420277, 1
2.2490032613277435,1.072074209109682,6.037115476530792, 1
2.1637730419635774,1.1934528273298246,0.8780590995790087, 1
2.317217481136322,0.6126062202746997,2.3368985483804168, 1
2.1688289105892182,1.9512500251676148,-2.9074337198133233, 1
2.249270975589752,0.68314656983226,1.5793018356206758, 1
2.192791002988815,1.8912898855008453,1.2530333502973474, 1
2.1362955570220947,0.7128293932660943,2.289731572516118, 1
2.0136306464672087,1.705153694683053,2.792887522353393, 1
2.2629829347133636,1.3688588501575523,-1.8380499893358664, 1
2.353064179420471,1.9045947911411603,8.377304888599834, 1
1.8066044867038726,0.7034148692425912,-2.688978214294909, 1
2.0948547244071962,0.9400870824911706,4.886561965469268, 1
2.315714329481125,1.787128678674924,-7.0957992314910445, 1
2.5621089339256287,0.8136479511361185,0.04644809725609633, 1
2.031908893585205,1.8562034592805663,-3.201498768488908, 1
2.2133132457733153,0.6883308534835435,2.024092749720944, 1
2.2506033360958098,1.9936506479091525,-2.462551689961827, 1
2.0727837085723877,0.7866942135574941,0.8337986467456489, 1
2.2327429592609405,1.4851712449832597,9.186809923904974, 1
1.7537979006767273,0.4801677641399283,-1.537794656222589, 1
2.037342035770416,1.1964145510916653,8.098883258906229, 1
2.5248475670814514,1.7138422446706614,-4.896387616809015, 1
2.237295138835907,0.5737112842879442,1.8423477665524204, 1
2.028109759092331,1.5741651609994787,2.057458497950419, 1
2.186978554725647,0.7284855651982357,2.4032050801546716, 1
2.0985192120075227,1.5221689782110024,7.439271565518523, 1
1.9047165989875794,0.642093806703337,-2.4172067450643206, 1
1.8480086624622345,0.9649658415537966,5.277704622958437, 1
2.2191589295864107,1.6065174363353705,-7.235093049081002, 1
2.384482079744339,0.9613353632675298,3.7643733160918407, 1
1.992483639717102,1.83566446156276,-4.311515569596769, 1
2.346558094024658,0.5647339782506167,1.1940798188859816, 1
1.9667766571044922,1.720560970606396,1.9461455813497555, 1
2.1754457712173463,0.5996551176539938,1.964298665920063, 1
2.0385944128036497,1.8037697318841959,-0.4627945860459395, 1
1.9072301745414735,0.6493418370647244,-0.30193172653386435, 1
2.1413191080093386,1.142743187300034,7.810270121163689, 1
2.0234032571315765,1.2129681795560088,1.4776647386585875, 1
2.122730439901352,0.7120472792272976,2.29636327175946, 1
2.2995873987674713,1.7511178472807085,-1.6258759779208827, 1
2.494072687625885,0.8678950146750775,2.3411270108020674, 1
1.6566455841064454,1.8620760839358546,4.998766624521074, 1
2.273274230957031,0.8125774162730198,1.4891268124433508, 1
2.047497272491455,1.741907927114216,2.870957955186398, 1
1.9708592414855957,0.5605207468417551,-0.12889322371270273, 1
2.30995814204216,1.7778990562381325,8.983922869574327, 1
1.8095388680696487,0.8841199870834721,-3.5800106126825364, 1
2.1061452269554137,1.3788978774936207,11.966004139898033, 1
2.6981650471687315,2.0914912044138374,-12.086387879793058, 1
2.0512273967266084,0.9459562623787197,5.083242883599908, 1
2.017949616909027,1.8439502795834817,-4.910272639242974, 1
2.3650868237018585,0.8622415800296072,2.4999934772456722, 1
2.0910563468933105,1.57578416873755,-3.6298102362653637, 1
2.248546528816223,0.6801745821048396,1.7439341796168775, 1
1.7983975529670715,2.0506992716389076,-6.65856774955757, 1
2.456369733810425,0.9600737900981453,4.677221570737893, 1
2.19824703335762,2.0708112880726186,-2.094075476510466, 1
1.8232294559478759,0.7426472993794815,-1.0964439899330838, 1
2.2489772140979767,1.7628487644992035,7.158844690314633, 1
2.0933279752731324,1.433369464788447,-12.124369145859085, 1
2.2205739587545397,1.2119289494685286,7.039603843340483, 1
2.3064354777336122,2.034938755712184,-9.492234782238143, 1
2.457446438074112,1.172565677465552,8.05410839785969, 1
2.2505882382392883,2.202929410482057,-8.748361246055516, 1
2.4115198135375975,0.8664019701596699,2.9334179998792593, 1
1.8254116952419281,1.5455206505161303,2.191494515163636, 1
2.21842759847641,0.7997099820024673,3.9703969401128987, 1
1.8672614425420762,1.9069083732330523,-3.7246201232048795, 1
2.336096394062042,0.7922018243356161,3.527943352189906, 1
2.02640078663826,2.0243917402693556,-2.9220949828388134, 1
2.047828257083893,0.7162374688449779,-0.251033461324802, 1
2.030806064605713,1.446239068729308,3.64169757204332, 1
2.1460039019584656,1.1013243109063728,-1.7720820905245844, 1
2.5577510476112364,2.0198041984402515,16.61768946215119, 1
1.8415711581707002,1.0524562204824295,-7.4489980574266506, 1
2.005668067932129,1.0668046754867253,5.193409298864333, 1
2.284986972808838,1.6880383418874298,-3.503986836078681, 1
2.335054397583008,0.7085432524555515,1.9395601386260637, 1
2.1189571261405944,1.7057925408511634,-1.3382612465792771, 1
2.2166911244392393,0.7271136333949455,2.339606272430883, 1
1.874171143770218,1.8876143294083632,-0.7024579968266598, 1
2.208377718925476,0.7807073539297017,1.9031681353495742, 1
1.9752113759517669,1.8120529112701025,-0.5158766028516192, 1
1.9748155117034911,0.4883868387645595,-0.7450507854514314, 1
1.8895474433898927,0.9261458637449187,4.991684860088094, 1
2.2691603899002075,1.6946769452500008,-5.754718299245496, 1
2.1165499925613402,0.6869627518708928,2.0454142036659935, 1
2.3462692320346834,1.9957004249436743,-10.78497493266906, 1
2.3603630542755125,0.725663809338952,2.694917906621077, 1
2.215705654025078,1.9648571938296022,-9.367478785049867, 1
2.19607852101326,0.945819268955011,0.6122053430400991, 1
2.0306545913219454,1.4020310290674056,7.32412502880462, 1
2.077941006422043,0.7722607721704645,-0.1001732941062703, 1
2.49686341881752,1.9159324938893378,8.013550974954029, 1
1.6908240914344788,0.6248940260529009,-2.2307194699213895, 1
1.9993224024772644,1.0869419005615553,7.532430141745897, 1
2.426906394958496,1.7226253580866953,-7.154711844206553, 1
2.1738847136497497,1.0473905506506869,6.83300576912106, 1
2.208338624238968,1.7940051455628974,-0.80333262675228, 1
2.41810085773468,0.7514876223110116,2.2334090729674703, 1
2.018879956007004,1.88656948553785,-0.8882393809747209, 1
2.2699846029281616,0.7535209780847781,3.4715505858096236, 1
2.0949397802352907,1.3277136941482945,5.504620660348655, 1
2.113105481863022,0.9761945515948777,-1.983089927796925, 1
2.24800626039505,1.8379650676967219,6.333678077370012, 1
2.0548584878444673,1.3733554825832526,-8.840640774622319, 1
1.9704983234405518,1.0865284699814028,7.07540919084677, 1
2.3238837122917175,1.4963275035400732,-4.445754270971257, 1
2.0891589343547823,0.8757375428102516,4.076724768928333, 1
2.2715350151062013,1.8671786227514773,-8.08789334445172, 1
2.374309253692627,0.6375944523060739,2.2084449120888845, 1
1.9538400232791902,1.5671523166576713,2.2590203062384533, 1
2.208431077003479,0.8585282552063773,2.3791262103442303, 1
2.077141582965851,1.6777595175848734,2.9963853030032546, 1
2.056269425153732,0.7900672153450928,-0.6254299742968957, 1
2.1325234860181808,1.1707325896506904,7.819028625186254, 1
2.352138391137123,1.8438662926036808,-20.551504619547313, 1
2.0939041793346407,0.9678197607106792,6.019333623748192, 1
2.3887907326221467,1.744987320539215,-13.680342917115825, 1
2.3518009006977083,0.9306265235867409,3.3484079332557046, 1
2.0988952964544296,2.010588812504523,-4.3963833779176245, 1
2.481235754489899,0.9053477300056637,3.7770018320450434, 1
2.6862198442220686,2.5583144366546287,30.45934202605959, 1
2.35099995136261,0.7970517560531698,3.889737538918311, 1
1.8891697913408279,1.9598097547414521,-7.643365827357014, 1
2.1427727699279786,0.6832691419756758,2.394757672651417, 1
2.241490975022316,1.360593816270784,6.693848163106765, 1
1.9199216544628144,0.6660086485226252,-1.7615779778482226, 1
2.464660781621933,1.6697305485302947,12.42374142228849, 1
1.797497296333313,0.3658580839694411,-1.0279895922184097, 1
1.9403760313987732,1.0919960399925357,7.218764551779617, 1
2.4948466658592223,1.6403514285340144,-7.704649751389624, 1
2.1357473015785216,0.9685131125451696,5.636756462910979, 1
2.2007108867168426,1.989605900048156,-8.510260015727447, 1
2.436493444442749,0.8797633909787652,-0.33508963579361684, 1
2.37773078083992,2.009868859404599,19.793292190350147, 1
2.2611706614494325,0.6289490393488198,0.9206925223804933, 1
2.125811371207237,2.0058226548608067,1.7341680914686557, 1
2.1270751118659974,0.6366681976302856,1.9468859043572748, 1
2.174271583557129,1.6582951022399885,4.807416600724014, 1
1.9563340425491333,0.75393044349737,-0.4737918660147016, 1
2.3417151659727096,2.098111208713357,10.911690003899228, 1
1.781455832719803,0.6822312811179171,-2.615651457813772, 1
2.0594666063785554,1.2530606079041156,5.857173703185811, 1
2.676919123530388,2.08980465033022,-13.047368159013558, 1
2.122139811515808,1.1290559085354606,5.761240556053849, 1
2.3242722928524016,1.8460290943913824,-15.74905908238911, 1
2.267203223705292,0.5869008129613208,1.3982322980569664, 1
2.538586413860321,2.030019593239861,5.767315913890046, 1
2.27580806016922,0.6173609489647797,-0.0982174373784076, 1
2.164416176080704,2.076949160741389,-5.828633408681727, 1
2.1207348108291626,0.6537394083592781,2.265140361724548, 1
2.053733542561531,2.0082960346699807,-4.476821049622557, 1
2.0915555238723753,0.907938432955972,-0.8041094750049013, 1
2.0008187383413314,1.1591533126877516,7.693253317811318, 1
2.3549222111701966,1.7497108439484836,-9.08411505711058, 1
2.078182691335678,1.0005114490001483,5.947488612926634, 1
2.276510053873062,1.5720638919485581,-8.932561548961502, 1
2.3756524085998536,0.7665939060390089,2.974837252665532, 1
2.015281528234482,1.5305228295155207,3.845336063768074, 1
2.1691686272621156,0.7635782791534697,3.6549906475931824, 1
2.2227538138628007,1.9103114768269238,-2.276660884001946, 1
2.0510851979255675,0.8500745582733779,-0.05030315233945126, 1
2.2478881239891053,1.8867480975442412,0.4554075849675465, 1
1.9299521028995514,0.6236831109887386,-2.3825270777096716, 1
1.8197482436895371,0.9361284581485465,6.092236706457852, 1
2.2915956497192385,1.1772253034584468,1.676363819990305, 1
2.159254550933838,0.8231196909542592,3.322430170817242, 1
1.9611687302589416,1.6451732742287497,-2.3688709371315984, 1
2.2530644655227663,0.5099490542110218,-0.05564035214848102, 1
1.9545798897743225,1.9406128532861922,-4.076254181139227, 1
2.166885185241699,0.5919096334134403,1.6378913058474667, 1
2.262506312131882,2.1131691234883903,-6.04185558528215, 1
1.8405798852443696,0.5497766727583506,-1.2337536988642657, 1
2.0320544123649595,1.1557190568440545,6.30380871616884, 1
2.1035426199436187,1.1238811795960222,-7.152375307935969, 1
2.164523905515671,0.8833145493407,2.415444742128926, 1
2.210772639513016,1.4835714110275713,-2.1594325851164062, 1
2.3097187876701355,0.5242764650783888,0.5807756283563421, 1
1.9815047681331635,1.485575444964788,2.246237074580703, 1
2.0681664824485777,0.6345542867368075,2.6986861905885164, 1
2.022748905420303,2.0359166974510012,-5.769595473677764, 1
1.883877944946289,0.7486834860179759,-0.922715003757213, 1
1.7881001949310302,1.00447363511713,7.175602698240168, 1
2.3490797758102415,1.856172618810433,-8.206460548567328, 1
2.0887091875076296,0.6339264917969812,2.214705442028949, 1
2.13791800737381,1.7634845580467353,-4.662856448295446, 1
2.251647937297821,0.49951686131587897,0.40926296794478245, 1
1.9994274437427522,1.9873924614338743,-9.42907556737608, 1
2.188956451416016,0.8069397073215211,4.120478752972479, 1
2.265778365731239,1.7399064467207814,2.534718014855161, 1
2.508718717098236,1.2179521024551456,5.250610025493884, 1
2.13779331445694,1.4692136202051618,11.937628949081256, 1
1.7939093351364135,0.8023440706996303,-5.011550929022297, 1
2.05269615650177,1.217419846015078,9.440015775754633, 1
2.3217065751552584,1.8105796457332786,-13.651976283358938, 1
2.0716440618038177,0.9527328065603499,5.731982542191034, 1
2.4084415316581724,1.708104022958634,-8.236943282493757, 1
2.368719780445099,0.6341546366276489,0.11890319381792974, 1
2.039045099914074,1.9608747349147586,-2.3507302791228875, 1
2.2312243580818176,0.8114701351514858,3.365605727830591, 1
2.027101826667786,1.868322810100417,-0.12699443330613222, 1
2.1179630279541017,0.7641040196375646,0.49480808278644006, 1
1.9146564602851868,1.1953406385432819,3.5661034126801994, 1
2.1761436581611635,1.4991374966219373,-5.093461421299397, 1
2.0511435121297836,1.0836891996441058,7.848205707033128, 1
2.3527060985565185,1.7916215884775502,-5.174659486890681, 1
2.179004263877869,0.7805154303348254,2.877094592958775, 1
2.154952508211136,1.6216252678534315,-1.1269981979181334, 1
2.3870890140533447,0.5879235998031502,0.7253221466487219, 1
2.1810790091753005,1.7755209337040718,-2.0938274487084243, 1
2.0853079676628115,0.6646237719384418,2.995241807824739, 1
2.227819061279297,1.603530196189506,3.415200954436028, 1
2.033351981639862,0.8741700692159422,0.6110862257709198, 1
2.2990129381418227,1.894648816633444,5.676735343768021, 1
2.0910041689872743,1.4920925441985078,-11.710662866028358, 1
2.0233509331941604,1.214959752921434,9.272056260122442, 1
2.3658940851688386,1.8451280305306497,-9.909425849770317, 1
2.2257576525211333,1.0387118763677048,5.690427298646084, 1
2.17483714222908,1.8666517514523109,-1.963422142687266, 1
2.3743789553642274,0.7658082879527301,2.1968781777284234, 1
2.1019359439611436,1.9488795321196053,-6.711399525469444, 1
2.385774540901184,0.9094725191690896,4.7442027390844626, 1
1.863549143075943,1.9845443409951324,-1.3391121979795013, 1
2.168475532531738,0.7848390296593727,1.541433078888042, 1
2.327523323893547,1.904040582555864,9.837140441388446, 1
1.8685210406780244,0.7595726151818417,-3.9951414914956294, 1
1.8262305796146392,0.9893566410385158,6.544198185018211, 1
2.2879621267318724,1.7643569225509494,-7.073824160912318, 1
2.084113270044327,0.8902220709337662,4.959558031353351, 1
2.085791438817978,1.8279486307890236,-4.654818826174585, 1
2.4067414164543153,0.7180408925794102,2.5175616514472248, 1
2.0868658840656282,1.5238637923601486,4.079317033717565, 1
2.264546978473663,0.7690074042027072,3.611688179862496, 1
2.0084952771663667,1.9431358737089173,3.446639438163813, 1
2.200152125954628,1.4654524667696707,-5.922826865829703, 1
1.9289401948451996,1.1434126221050298,7.890493119324614, 1
2.267165279388428,1.669091447746777,-5.105273049793743, 1
2.1145882964134217,1.055570969273184,7.645496399027637, 1
2.278495067358017,1.7485901122849397,-5.97641358466666, 1
2.438369941711426,0.7552175367430133,0.4241173857993117, 1
1.6993538022041321,0.02522891199340224,0.0018604482967660369, 2
1.968090867996216,0.8052333271135685,-2.2810356582396367, 2
3.109489381313324,2.2767533551502543,10.34566255163471, 2
2.2660564139485357,2.2812429607063898,-6.929651379662555, 2
3.4158406496047973,2.7957147004011547,26.861534646172597, 2
3.481454484537244,3.1704462480535502,23.767245248100664, 2
2.503713917732239,2.5258514504534575,12.90340097936218, 2
1.8633013427257539,2.1124190010038455,25.469197721399613, 2
3.4940188974142075,2.481105371767026,15.888985564704736, 2
2.393424029275775,2.573286968508362,22.630101710417396, 2
3.794856970012188,3.3992086756310997,-29.787791155209085, 2
2.3899751573801042,2.2412795050932344,6.9762596775023145, 2
3.4485989212989807,2.4565590156896966,-3.946884189457883, 2
3.15410987585783,3.020859766663699,55.85313599102408, 2
2.5898652374744415,2.678087617102701,13.469977758230812, 2
2.7978331070393323,2.542949509850342,-0.7354518900837821, 2
3.1989269614219666,2.702322396852423,-26.24416819871489, 2
3.4730969846248625,3.3280578930189875,7.519177771709791, 2
2.627291476726532,2.3904157092573928,30.751371076637767, 2
2.9285784006118774,2.397969802477697,-18.071536635798513, 2
3.3696744590997696,3.594117750916235,-45.016876223294496, 2
2.6438592314720153,2.2486633838887764,12.654183119286301, 2
3.602644819021225,2.632368959176185,-10.421933189078455, 2
2.4300289034843443,1.8736140274029285,-5.090805909856288, 2
3.3287865832448005,2.9599116018714553,-13.60353083392684, 2
3.6504979014396666,2.69551137269345,9.781301681827328, 2
1.9802910804748535,1.2428818837169922,3.2833082858563203, 2
2.107925357669592,1.901661362751549,8.309304184542768, 2
4.643794000148773,3.176134895869202,9.358602892750959, 2
2.892926734685898,3.150966318434593,-7.928608641031622, 2
2.5690316796302795,1.4338159990319463,4.4401968590210155, 2
3.482957112789154,2.707391001472905,4.059347509527139, 2
2.3052203834056852,2.2951467137427457,-7.594230817859334, 2
2.905136728286743,3.067340394472759,-5.9098206522584125, 2
3.630400948226452,2.7051691006002123,7.6153447165034445, 2
2.083517700433731,2.3717920545393545,-5.041658304290097, 2
3.874905464053154,2.779353534276907,20.344627963372144, 2
2.6829243302345276,2.4169213586400033,3.747693622371205, 2
3.465891969203949,2.875611543966387,-13.185589683928464, 2
3.3080613911151886,2.686628364244567,-4.1336841734392085, 2
2.6065468728542327,2.3506371303144022,33.86108917679213, 2
3.1955078333616256,1.8586526626748945,-12.84493050937046, 2
4.073375570774078,3.541693341374086,-19.98429851539042, 2
2.873823916912079,2.61891089566488,-12.449385054398478, 2
4.071556657552719,2.414538924534592,-5.4331383153406945, 2
3.111094242334366,3.5815744673135153,-47.267384755081125, 2
3.1245280377566815,2.695041855214678,4.790486288642295, 2
3.453119230270386,3.393176397712957,8.17195193379897, 2
3.468451905250549,2.3267354915757723,11.362319639944708, 2
2.04895239174366,1.6053630823310023,9.782566754212233, 2
2.66829414665699,2.2156540385271355,-2.882681145914077, 2
3.3895823687314985,2.975486065249225,6.271399194142322, 2
3.435570776462555,2.8396100274355005,-49.76829744891664, 2
3.821482154726982,3.246301325560437,4.184379025592235, 2
2.2804263446480038,2.7300027478295266,30.13805706143446, 2
3.382673814892769,3.3803603137756943,25.58437518266316, 2
3.227995213866234,2.70716419120095,5.7560918364943685, 2
3.0332060288637877,2.830415022685303,45.20107387126901, 2
3.061478301882744,2.2211471137947587,-7.49061712070349, 2
3.2299084469676016,2.9219272309379067,-26.727942450497746, 2
2.8800830878317356,2.527892516755318,17.6467242927255, 2
4.134458595514298,2.7008992770869225,5.088867292502443, 2
2.9518200412392614,3.315345659847836,-22.146827800537206, 2
2.3022424563765527,2.4561303073395244,-13.171293592619536, 2
4.009846967458725,2.691618800438198,1.0357408950720495, 2
2.897009640932083,3.369947935475199,-10.711105797584878, 2
2.8998601600527762,2.299024295694219,15.369482079547009, 2
3.9789825275540354,3.399753993577817,16.853729221267628, 2
2.0189352869987487,1.6308459123004126,7.535147034303137, 2
3.1058482632040976,2.3141493075533743,34.77384256642645, 2
2.1702105730772017,2.18073141321873,18.019996341825706, 2
2.9685467958450316,2.276564670012203,-19.61436388781376, 2
3.7887560784816743,3.396926448249371,-24.394970985347843, 2
2.6310699462890623,2.3214693481171507,10.966840150545414, 2
3.2869733333587647,3.045818913128999,-3.4335894543183465, 2
2.7506302639842035,2.629949560409393,2.6041538930411625, 2
2.8206760048866273,2.511323508413754,1.726924182636381, 2
4.186238372325898,2.4752736381207296,13.99981483578266, 2
2.9233495593070984,2.048639897798895,2.7642875334450636, 2
3.1481094375252723,2.6883265751995578,30.528642089165903, 2
3.342416125535965,2.427062807722673,7.973559226394396, 2
2.6042794704437258,2.6278638901968234,-9.344304269920778, 2
2.8700433135032655,2.7697935372656763,-3.7757550053656495, 2
3.083638161420822,3.1863685664897448,-4.233552206137148, 2
3.7028400540351867,2.5916436273307704,-31.98724322431607, 2
2.9615108732134106,3.2036223626955866,-37.65172397255516, 2
2.448788246512413,2.5947926524216243,11.594268269668746, 2
3.07858792245388,3.6985163818931226,-41.9801258057286, 2
3.21646229326725,2.5272287902282384,25.745036384343233, 2
2.2593091636896134,2.1551795448524222,18.937265872837795, 2
3.5177429556846618,3.2928758004040724,-37.62155282390667, 2
3.5005479037761686,2.448655152448824,0.7935555295375094, 2
3.3955442309379578,2.883715153080908,18.143721525220354, 2
4.05397762954235,3.0534548417446397,2.7057176852591365, 2
2.822334834933281,2.606439821275807,4.702820461073932, 2
3.43030839599669,2.7801394872815224,-4.4683542858613885, 2
2.8877736285328863,2.4876736035828,10.634995261219458, 2
2.2776857912540436,0.9886764702941003,3.4577529460122687, 2
2.719823125004768,2.381541548841833,-4.859150356530168, 2
2.7829536706209184,2.294395642948078,19.697899764204518, 2
2.6572388634085655,2.4739662452994544,-9.735933587901894, 2
3.729402756690979,2.7624473813055053,-3.6089618281597353, 2
3.4756237387657167,3.386161898448487,-23.39342552179649, 2
2.6725049674510957,2.239702788138255,-8.374230784658778, 2
3.01859460324049,2.3313024290218802,36.7131267687797, 2
4.0025292336940765,3.1484455978425934,48.76087497889212, 2
3.4820743918418886,2.5005363578146578,20.465316854724065, 2
3.3628729939460755,2.232717880222297,-2.9059727228923418, 2
3.170235788822174,3.112062865169646,-22.901114808859333, 2
4.3076943218708035,2.94565010768727,9.658422443180555, 2
2.5935739293694495,2.278991313234015,5.219480019444081, 2
3.0554083690047262,2.01175140013117,-10.080531357946505, 2
3.677111116051674,2.7660906909625766,17.991190929237273, 2
2.74321209192276,2.0843372939110347,12.900590734781444, 2
3.1511500239372254,1.9296352047158567,-21.122849593312267, 2
3.441760331392288,2.7073738182367366,-8.433503250079475, 2
3.217481541633606,2.4547544942968553,11.170734266398533, 2
3.634585511684418,2.5266900839101174,-3.3494486192246313, 2
2.600376361608505,2.4131845343582876,-10.657946003098559, 2
3.794194608926773,2.9001004294062387,-26.077315616589047, 2
3.4259525716304777,2.834317889220134,21.76914543847545, 2
2.5297939360141752,2.4880913596943723,-5.059902162886534, 2
3.1968088895082474,2.703834461092054,11.026243091934258, 2
2.98892982006073,2.5783505630487054,17.324494583494307, 2
3.365857446193695,2.3231433907639234,-7.025968885944463, 2
3.054164803028107,2.606247581460461,4.0450452095352745, 2
2.8765173494815826,2.2965500724182992,7.960535765859982, 2
3.1937349319458006,2.1920337055344348,0.5276362094143023, 2
2.4419996440410614,2.78540311644279,-30.226922664983977, 2
2.6205264031887054,2.437843731364013,-0.9151918877961709, 2
3.1218491598963736,3.124029283850948,-10.648953541592462, 2
4.045686817169189,3.0368078213177143,-8.522196638445312, 2
3.3105975449085236,2.489161994604113,-2.1926934931628637, 2
3.363443833589554,3.0233307341229416,-3.2596765226216924, 2
3.4163248986005783,2.4660264221059305,5.2109619772255185, 2
2.342696276307106,1.6602192441877768,0.26868296164826544, 2
2.255906251072884,2.608134294497979,30.223594987539155, 2
4.456275177001953,2.391231521103911,9.057849157164672, 2
2.445214158296585,2.468384822073986,4.872273349286929, 2
3.246350109577179,2.55337606307286,6.18236942121856, 2
4.04551995396614,3.601926310447924,-25.749537868847703, 2
2.460073783993721,2.9082735961433404,-16.380980038373625, 2
2.7950731039047243,2.459683849408215,-5.89954555905982, 2
2.828859329223633,2.319662170531768,-1.1948505569299925, 2
2.726871007680893,1.7717725309060184,-7.825657705994631, 2
3.463668827712536,2.60862986409402,-17.727664880067557, 2
2.7228759467601775,1.7304385338087684,-4.549193606194434, 2
3.18906592130661,2.6252586861578204,-11.102615310627243, 2
3.3163033083081244,2.677359420690823,-20.256469605140076, 2
3.0624259173870088,2.720348914126568,7.218424995060618, 2
3.6205205798149107,3.045931166905095,-3.3531193506974573, 2
3.2956370949745177,2.928964065316636,-6.637715140254457, 2
5.004963707923889,2.9572816247893448,48.33918152738932, 2
2.631412407755852,2.7916916311041065,27.810172152445276, 2
2.6290987730026245,1.99126161316029,-12.156783062870971, 2
3.304457665979862,3.043019227228024,18.691564955178066, 2
2.5440558433532714,2.680552105915739,25.09184985004908, 2
2.787606766819954,2.8419093335443213,-22.510424001396423, 2
2.7660673707723618,2.4007107532945833,-6.6798483095957835, 2
2.611572402715683,2.6516074406798555,9.644180162805464, 2
3.893250459432602,3.5670714526488583,-14.558893691041984, 2
3.424957627058029,2.7498830939806593,6.511416028095936, 2
3.7500238463282587,2.9340691981426406,12.814382114319143, 2
3.228139501810074,3.058292131616683,-9.064612597047113, 2
2.5273938089609147,2.676522382816058,-17.010865891794143, 2
3.2418806463479997,3.0174562618895,-7.4067980889184994, 2
3.2625051736831665,2.491825596269318,8.608834282698623, 2
3.9201789081096647,2.8211939478523216,-44.152567125262664, 2
3.092841202020645,2.6404712339601266,-6.7287016568071785, 2
2.7628840655088425,2.4797214992393797,7.468027887953832, 2
3.6119529485702513,3.3516086076633576,-15.403900019656819, 2
3.0460885584354402,3.1744719956686933,2.94679504547626, 2
3.3290652096271516,2.925614372971224,11.539425360008426, 2
3.1118282705545424,2.604446803927527,-7.068239428128527, 2
3.794535881280899,2.653411851170851,31.29147497304971, 2
2.825694179534912,2.3543746242293047,7.915289921800701, 2
3.5017673298716545,2.680748198900558,4.307601498796966, 2
4.359961545467376,2.742900369325321,45.97336416334999, 2
4.096031746268272,3.3079023302022867,-4.196720412449377, 2
2.6282604709267616,2.3307145047142273,4.828967877917521, 2
3.2710441440343856,3.1054552228723207,-7.32538176125005, 2
2.926211918890476,3.6073885125381002,-43.46487386783367, 2
2.9531199455261232,3.361150642197099,-15.259320122534195, 2
2.8375821679830553,2.3371039454047775,4.354947157882963, 2
4.1343116641044615,2.676628144131118,-9.428049934350724, 2
2.6757824927568437,3.16717115772636,-22.56759536099827, 2
2.7307378381490706,3.082196896519176,14.76298420582405, 2
3.459843319654465,3.249094609612325,-4.826410507535197, 2
3.255319368839264,2.5604175609966657,-9.282403120295585, 2
4.006338173151017,2.9764132080682497,-6.285869018318111, 2
2.4735791444778443,2.513153201383434,16.382017398891687, 2
3.760234183073044,2.8906292382890744,-32.72696026295487, 2
3.4263395249843596,3.967253656106201,45.571036938428946, 2
3.4601898327469827,3.217960840407004,21.616811477592933, 2
3.686791531741619,2.290737459552386,13.473851218102737, 2
1.9444811463356018,1.7535372270201506,-4.113026901217595, 2
4.091710624098778,2.8245151445339722,15.12740757950572, 2
2.500921791791916,1.9351113100638726,6.795628834470354, 2
4.0934761464595795,2.8546240501270037,11.446216255198763, 2
2.9589066326618196,2.468102808187982,-8.804954852833465, 2
3.4950774356722834,3.0703295524496648,3.0902197176751294, 2
3.2373236060142516,2.6425059308862364,-11.064279563905114, 2
2.870606416463852,2.8404735309344433,-8.27496750844724, 2
2.7839298844337463,2.370240797613396,-7.172981216631094, 2
3.548430269956589,2.4521878717990484,0.4874802310733033, 2
2.7336165845394134,2.363097363844611,7.552684046444608, 2
2.004423149302602,2.706736730569645,17.262301085442445, 2
3.6936796844005584,2.7494487292136203,2.1450845345412777, 2
2.8970448046922685,2.3003494014985635,26.60695795284667, 2
3.7919632732868194,2.8182936414133506,1.9296433878246972, 2
3.243998169898987,2.7778808890422373,-6.056856008497412, 2
2.9374044820666314,2.5410026202353877,-7.113492772275978, 2
2.752610708773136,2.5660406715200796,9.593346731045543, 2
2.5366947814822196,2.3497577890111168,7.992090372253201, 2
3.5476290822029113,2.6611809536015842,-32.480345886526834, 2
3.236812524870038,3.3010848226665304,-15.242570407577798, 2
2.5343570441007612,2.2177785288051686,21.029147514688994, 2
4.244004327058792,3.1925464419934313,-51.69771969101735, 2
2.76550282984972,2.566552310106353,-17.29759803632641, 2
2.8579893708229065,2.2780738475929736,12.679446880835876, 2
3.4518119513988497,2.7837271055547097,3.962702796082252, 2
2.8946066811680793,2.6035108764928183,43.65442730565786, 2
2.957549324631691,2.7723815155418943,8.794872046450052, 2
3.172586423158646,2.2678238599663825,-28.681183215588476, 2
2.422564235329628,1.7852822518855445,-3.4288733732451027, 2
2.0573984041810034,2.7896814870066544,23.356427649825612, 2
4.408692866563797,3.6586381734747384,-23.885813210459396, 2
3.6200759768486024,4.017445021107447,43.93826659939416, 2
2.4309752494096757,2.408360284341725,21.28945462449063, 2
3.1875378787517548,2.67731661247213,0.8159410346102467, 2
3.8633391499519347,2.8626485440866003,31.926716676430605, 2
3.3434654250741005,2.646967351023868,-11.380497730324558, 2
2.5840004235506058,2.7258331904277684,24.28265956601021, 2
3.2608955085277556,2.217954692011011,9.231368021034282, 2
1.928446611762047,1.9806753875037826,-3.205135079947117, 2
2.599757692217827,2.0052147665991042,16.225923907446337, 2
4.632742190361023,3.074189222545566,12.48281988508392, 2
2.2386563986539842,1.905078037927734,4.262422557115724, 2
2.3613076850771906,2.5831511853193483,29.22695186953849, 2
4.13877283334732,2.7299402757198705,8.63048327497131, 2
2.36371248960495,1.9894239465804997,9.299421485646967, 2
3.6823150753974914,2.637229936883468,14.609603760249755, 2
3.1557467937469483,2.4185173065189014,-2.026493109509522, 2
2.3850958943367004,2.3616922352973373,11.492209068408972, 2
3.519607204198837,3.156588840380622,-0.7134203370675483, 2
3.3991245210170744,3.033648605130464,6.716931677019801, 2
2.390993024408817,2.719930107358062,-9.103955706914338, 2
3.3242953777313233,2.807352121984143,1.664886875881586, 2
3.5595130383968354,2.720661603712838,16.637091011487826, 2
3.699670638144016,3.578829829425271,-19.820600636813523, 2
2.658951309323311,2.5954539776957897,22.281114986067493, 2
4.0137441188097,2.8676955550236007,-39.756785046527746, 2
3.5123618453741074,2.51563541242236,-0.7993601585881907, 2
2.522694405913353,2.3983079590230196,19.16099480832389, 2
3.447688701748848,2.5477057832962373,2.9184726324772967, 2
3.040500944852829,2.5373865125116235,-15.444322344618493, 2
2.891230521351099,2.144602874675092,31.072790696270484, 2
3.8215704202651977,2.667112108038035,10.682547639105048, 2
3.4825863778591155,2.8753048287614136,-50.9946936440816, 2
3.4140417128801346,2.7479177038545797,5.799322538158407, 2
3.428711026906967,2.9952583624827334,-13.415924493237938, 2
2.522064355015755,2.6244666421465412,-4.5667513316016315, 2
3.3435389935970306,3.0213566413488078,21.0108102412636, 2
2.8698734447360037,2.199587018739408,18.041051036515313, 2
3.345035007596016,2.59029831434875,-11.323257636806623, 2
3.482017481327057,2.2044212611856038,20.131157627132403, 2
3.1618027687072754,2.6238974948726397,18.331328312559855, 2
3.4066814839839936,2.735996193437536,-14.627203587549225, 2
3.2175627928227186,3.3194459452069354,63.778738723462666, 2
3.5742488741874694,3.154551045013551,12.40983859143266, 2
3.1462999880313873,2.475295852622061,10.484552512492048, 2
2.557291603088379,1.164120470062175,4.1418007085898205, 2
3.1413829565048217,3.4978374405096524,20.002544393386415, 2
3.6028732538223265,2.4753623394330724,-13.254769965841085, 2
2.772254494577646,2.9872140660136486,-22.98313085182909, 2
3.290175883471966,3.1541043521863066,10.717117596228807, 2
3.915143573284149,2.602983561121827,-2.3765496158761694, 2
2.338668352365494,2.414670051776172,-9.439670219802352, 2
3.5062082946300506,2.996444796246136,-17.347178555326074, 2
3.731331244111061,3.0078079114477685,-16.720769169341697, 2
3.1428982481360435,2.3324083468527106,1.316729298725785, 2
4.783901306986809,3.015553052318214,-19.118140002665783, 2
3.146116828173399,2.4361533304739185,4.923210149039345, 2
3.0002024948596953,2.382429167076664,7.599166102501412, 2
3.0907384738326074,3.1601329651420365,13.87812336133776, 2
3.5356088817119598,2.5635498500792355,3.7750664195183194, 2
2.878215879201889,2.2386814678552955,6.572286962742801, 2
2.5537379771471023,2.558473523338206,15.622562659343078, 2
4.208265239000321,3.4414422957719033,1.2772697444432142, 2
2.856431332230568,2.845746650053154,-18.186488609384547, 2
3.599445451796055,2.5064382473618436,23.647548906251696, 2
2.4173537671566008,1.9255913644023466,10.807076784254026, 2
2.9954665184020994,1.9254643217289733,5.75010266201935, 2
2.346500450372696,2.3219421932439372,-0.42864793152403735, 2
3.749624675512314,2.977973555729554,20.276952531921296, 2
3.5297534257173537,2.7453605754725623,-8.420015860266542, 2
2.4858980923891068,2.9022808327328784,-3.6325489466191794, 2
3.4230847507715225,2.386529039735703,12.290397645515, 2
2.1973178021609785,2.5325329661005784,-17.756493281812627, 2
3.8220978766679763,3.265464399064299,-18.494191828553546, 2
3.454245936870575,3.239037101262246,-8.643281691744631, 2
3.578841646388173,3.2007671951237855,-59.69298687331767, 2
3.8006304044276478,2.7086272228113693,-18.86431919098433, 2
3.6054426550865175,3.145214911929942,-30.683210905565545, 2
1.740540860593319,1.7629675851847597,-0.5498107272206233, 2
2.797583919018507,2.89552722782143,40.87770586296602, 2
4.178746509552002,2.362520636210028,-3.7441853458910783, 2
2.153609347343445,1.674980535303925,-7.186384519681946, 2
3.324577271938324,2.8964516623519243,22.270721832526604, 2
3.6304004371166227,2.8528083014580776,8.863744969548218, 2
2.5840262457728387,1.7545495513610245,-0.8086109376400513, 2
3.6505967933684587,3.013129962103527,41.86855612031299, 2
2.709799090027809,2.3008980607816016,8.777384554048542, 2
4.732928478717804,2.9081005479302733,18.668437422430618, 2
2.224554884433746,2.0830033997195945,20.18467926266885, 2
2.1747540682554245,2.8103686691946677,42.68805513938789, 2
2.7893073529005052,2.40171228340516,-7.959954278859334, 2
2.9675738632678987,2.0607656951966766,-8.702765614366232, 2
3.387934482097626,3.1449059928278316,-1.7370080061516795, 2
2.496431228518486,2.4224622558196427,-9.778492656526325, 2
4.294347089529038,3.5500804039477365,-23.73246339272977, 2
2.5753001391887667,2.5225831980072533,20.84470334476556, 2
2.943786379694939,2.5687168720667497,-28.07322365798929, 2
3.6434638798236847,3.1137677950807983,-3.8227772388216854, 2
2.2485260009765624,1.6616483231827148,1.2245052168560964, 2
3.7302957072854044,2.9214118078953955,-52.13072884755556, 2
2.3739976406097414,2.015839451205966,-16.635459506971493, 2
3.0119599491357802,2.5700641057362197,-2.5998546768721598, 2
3.02903373837471,2.9126148566761483,-11.976521726024783, 2
2.9009594172239304,2.6372326236814825,-23.651274478556875, 2
3.820269536972046,2.96183975918475,-11.16022606781669, 2
3.3625157952308653,2.433515136353334,30.814039288266287, 2
3.0418214946985245,2.465315078302986,-18.764028268041223, 2
3.4153172373771667,3.318484096322129,67.4193629917903, 2
2.562413766980171,2.221514355774917,4.826049888028011, 2
2.329722261428833,1.8091599053534533,-7.2418711260181725, 2
4.163515487313271,2.5816664451834797,8.618036642350383, 2
3.2131425768136976,2.7395324761792055,0.243699471550005, 2
3.7966065526008608,3.518585771296982,-12.678163915558352, 2
3.4730688080191614,3.161090946576393,10.670166981100628, 2
2.526943302154541,1.8154962562130113,13.281215643963645, 2
3.4735190480947495,2.7358582454914693,0.13441372412511043, 2
2.279224529862404,2.0355249278308545,7.7105998394505235, 2
2.84871129989624,2.5058923156944815,24.39068902337616, 2
3.082047241926193,2.39441327143216,-5.270714413990414, 2
2.3339558482170104,2.0487235219919646,-5.169738332355406, 2
3.5728760600090026,2.8266712398779257,48.62263935105122, 2
2.8839890003204345,2.328882350891689,5.715654121623879, 2
3.8120834290981294,2.9895777006767275,-50.611104878727026, 2
2.844637632369995,2.725227780860568,-16.327675834708355, 2
2.7061815217137335,2.8933741738876795,-21.93496557223987, 2
3.880658006668091,2.3980561555054956,-6.881247437707605, 2
3.555681213736534,3.254302876549845,11.034858323245672, 2
2.651025053858757,2.590803749382331,38.402261197818284, 2
3.404829677939415,3.1416813245117847,-58.23812473906035, 2
3.4272437527775765,3.4802741154547614,-12.38830178125161, 2
2.3242860600352286,2.6073437930208385,15.06347895466728, 2
3.16509330868721,2.311044456254571,7.43321291304924, 2
2.6985971331596375,2.54860640294175,-12.74029147428822, 2
3.142666256427765,2.5443600659737124,9.203460647202705, 2
3.5455261528491975,2.5516441549895785,-7.411978165549742, 2
3.1376758813858032,2.6381967790770355,-16.642508059074203, 2
2.971625679731369,2.4366780367950636,24.928760177324534, 2
3.677316536009312,3.0763234797162986,18.296259692938634, 2
3.4976750373840333,2.467219793373558,8.855204351862167, 2
2.9172818690538405,2.270036015531275,-0.6283961414978201, 2
2.9447209656238558,2.8374778505475997,17.965216942376326, 2
4.095387142896652,2.7340680778904294,-27.213339215278854, 2
4.792840203642845,2.9646768245155637,-0.5581336071283154, 2
2.7657327324151995,2.5112247099370317,8.449258632943904, 2
3.1278392374515533,2.730707020692383,-29.834713219943904, 2
4.460240061581135,3.6019912903131823,-53.840098052428246, 2
2.6400470599532126,2.5673104728289173,8.226612238926997, 2
3.347634029388428,2.402560920535119,-18.95773341706251, 2
3.3259856581687925,2.945601251715826,-13.25878045694875, 2
3.2380280196666718,2.9470907328392926,8.601097271551662, 2
3.4500499233603477,2.4191656888021824,5.8153393438293, 2
1.9887694709002972,1.8397730885435426,0.8524390511914672, 2
3.7432891756296156,3.096336424914167,-18.51916918243598, 2
2.8769324347376823,2.462916287291029,6.470959087886746, 2
3.33516788482666,2.5221452979974632,-12.042088566150568, 2
3.132125109434128,1.7309149711948693,-6.842529457060104, 2
3.055653476715088,2.2209951668232777,10.324960985264688, 2
3.6740669503808023,3.0594961113806223,9.905366018314096, 2
2.313017398118973,2.093786938208034,-10.601083104629975, 2
2.704178397357464,2.516786565442137,31.014349781727308, 2
3.562200254201889,2.672316223262623,-9.20572730412313, 2
3.874369616061449,3.062379217119334,-15.715238253988678, 2
2.749552957713604,2.5953230071710074,7.71162372113991, 2
3.8847348928451537,2.220971522920444,-25.56695859796162, 2
4.235928982496262,3.1794932947934718,-55.903545020958575, 2
3.1682042360305784,2.7316258479709115,21.022821571939847, 2
3.072040173411369,2.745170753239418,-34.642818194807255, 2
3.8185725316405295,2.94972541247039,-11.468079444640363, 2
2.3815703839063644,2.742360777403862,30.71609479911249, 2
4.533668100833893,2.9195904327605713,34.22802627144286, 2
2.9918898046016693,2.340098358728356,9.474047942296384, 2
3.1343048945069314,2.809539868158577,18.920979546548924, 2
3.278393280506134,2.4557632391986046,-0.20701900082213687, 2
2.406736320257187,2.1836528654063545,-16.665164690192487, 2
4.068198299407959,2.6924562499116718,6.832254561370968, 2
2.7680816650390625,2.487845251875438,16.17100655349025, 2
3.499820053577423,2.4215805744496834,0.7119471366953931, 2
4.491866427659988,3.355834289486226,21.608792612291207, 2
3.69361654818058,3.643874029213482,-37.14109013351518, 2
2.6514083325862883,2.514153489490574,-5.451714513464086, 2
2.653238518536091,2.7440563030069067,-8.634605712848652, 2
2.605186888575554,2.9189460195736676,40.175053040887434, 2
3.584239286184311,2.649878239816227,-56.28938076188187, 2
2.5105374231934547,2.4817358722772314,11.209549765152971, 2
2.778153145313263,2.058033057700592,7.979927618739938, 2
3.110196053981781,2.134540027049128,-1.115508430265841, 2
2.390503150224686,2.62645898157579,-3.641226807407195, 2
3.0956953883171083,2.5535475865577495,5.1625275130129795, 2
2.9674925714731217,2.8693798505937713,5.137054857433469, 2
3.912591913342476,2.884700930817563,-15.111921141603254, 2
3.212584686279297,2.814543487752491,40.94884490311682, 2
2.960423058271408,2.4009499800505294,12.02479566334482, 2
3.3768109679222107,2.1613720378680883,-10.769462470703822, 2
2.6331677556037905,1.84131337061156,4.5811742029980556, 2
2.6356834530830384,2.3197852489979067,21.088653749573794, 2
4.7325502812862394,2.3418716910394517,-9.595651947161873, 2
2.4413858488202096,2.59741797435281,-26.359822188300278, 2
2.6979494292289017,2.1463534710234753,24.766872628235795, 2
4.03393167257309,2.3234075629973807,-12.60151037282592, 2
1.9574911415576934,2.0430986815849645,4.595037937402904, 2
3.230635265260935,2.9567426491350908,13.865033463637534, 2
3.567647647857666,2.629945342643088,5.194779021561408, 2
2.8531199395656586,1.9962358797359858,5.329252578798479, 2
3.1462501004338264,2.97267338441143,-14.945776722292326, 2
2.9255205929279327,3.155153588649901,-23.82026750202913, 2
2.9780315339565275,2.6767033009713574,-4.014184005125532, 2
4.027345967292786,3.3423741754643572,24.64920936033463, 2
2.963777333498001,2.447805127626886,31.329844767774638, 2
3.3857493937015533,2.4789356951929946,-11.087418959091536, 2
3.476504993438721,2.890656451991648,15.726393751743908, 2
2.4202980279922484,2.407249162315052,20.11635384767843, 2
4.0591064453125,3.397060315136307,-1.391721045395435, 2
3.689440280199051,3.3197585055674605,-25.441331002795437, 2
3.1632895514369013,2.685043690765646,9.467806636244678, 2
4.288180100917816,2.795485092496183,-3.6448676508210145, 2
2.541773407533765,2.6372255253844115,2.6973499392794755, 2
3.0064967036247254,2.826080986714685,13.48315073318475, 2
4.345662832260132,2.6786915848392563,18.99279413160258, 2
2.5868479192256926,2.219770764689231,16.62945141764843, 2
2.3467614591121673,2.130263004549563,17.684266859004286, 2
3.228010189533234,2.0908224836373375,-18.19146720887994, 2
2.696248783171177,2.3133227114329835,20.83675288147239, 2
3.4100101590156555,2.27210296613238,-5.983138349469705, 2
3.815976709127426,2.6410649310051912,4.896784687840456, 2
3.58580687046051,2.7375669560076576,-40.57901639825669, 2
3.0989244475960733,2.4957881111902025,10.56152118628265, 2
3.1868250489234926,2.6032979301320527,-2.3273333693296934, 2
2.726196725666523,2.2734273388374504,11.520455223467707, 2
2.902937449514866,2.802227074707104,23.813359655951388, 2
3.8950371921062468,2.594928830421202,13.253583309515786, 2
2.9807526767253876,2.3270242845457845,-17.90919423114931, 2
2.685814267396927,2.382415066307688,10.239497578376634, 2
4.026555106043816,2.7051885341338706,16.992563189283217, 2
3.409728379547596,3.223085141431415,23.889755447094593, 2
3.022256237268448,2.220516274714016,-9.603239391655588, 2
2.9688854455947875,2.1784185915493377,-5.464533903094156, 2
3.568880820274353,3.070239224415962,-1.0545615889602153, 2
2.3111691664904357,1.8428327611659612,-3.3595678298158274, 2
4.090096413344145,3.3855278642832314,25.370950810234408, 2
2.3880870431661605,2.522992021122894,-21.504620747670057, 2
3.714503887295723,3.1041488607814465,46.3721401946398, 2
3.2560948193073274,2.7733904250737167,-7.070685531180312, 2
3.397902321815491,2.633219560298034,-12.52156250674187, 2
3.343920369446278,2.5098517810004117,6.486949495599273, 2
2.7435039401054384,2.476373615396856,6.693354305151805, 2
3.3628735184669494,2.28209103129624,-6.222188713319595, 2
2.855310896039009,2.3174390373320084,-11.497387180694174, 2
2.717032839357853,1.9493984281420684,2.1896741616459288, 2
2.8365489318966866,3.44994525910985,-36.54056619878325, 2
3.0571244418621064,3.0057665186112867,48.183130820297826, 2
3.6529468059539796,2.465200287277892,6.5022235680160305, 2
3.0397410809993746,2.6217667417517814,10.977315774439125, 2
2.6604913890361788,2.405888535671225,13.752755438907851, 2
3.843178707361221,2.8073655324042797,4.328388102422155, 2
2.8416223883628846,2.6947367001374207,-8.218322646917851, 2
3.640628147125244,2.1807153345770405,12.083720900843536, 2
3.0011077523231506,1.9907512858302987,14.136540844402667, 2
2.701456332206726,2.4944841608372488,-5.86354503830931, 2
3.612854652106762,3.346350824470153,14.800389254163038, 2
2.802880424261093,2.614212507517963,22.287236316545513, 2
2.7665366172790526,2.1917094062749336,-24.125720370740712, 2
2.9481482952833176,2.994483893686811,49.906832048541744, 2
3.1255319744348524,2.6681754828232265,2.458346824802568, 2
2.7424719393253327,2.426999331813435,-27.403534369839054, 2
3.6790983617305755,3.008602147608357,-51.3046383207512, 2
2.9075280159711836,2.2843058186453873,11.622327601131634, 2
3.889110988378525,2.5209448597741226,17.514307956301764, 2
2.936851736903191,2.4137688596699043,-21.526853315927823, 2
2.7288658022880554,2.678309846100068,19.19706363739234, 2
3.5456088855862617,3.0414243509916785,22.116720977859476, 2
2.59918327331543,2.7209617420762906,-5.8381016856843555, 2
2.3984006717801094,2.3427011175104213,31.321102144209082, 2
3.8188412189483643,2.4536757739555637,11.15432532197724, 2
2.5098124861717226,3.4690007327285146,-7.536671280757543, 2
