1.0048003911972045,0.009067017725918506,0.0002821192841565789, 0
1.0114854216575622,0.005752092206071736,1.930242477499173e-06, 0
1.0105074405670167,0.010342373361842988,0.00016592070012109165, 0
1.0063665747642516,0.006856890569222892,-0.00010021845871079905, 0
1.0115978240966796,0.004635465668468687,-5.044322805645152e-05, 0
1.014848816394806,0.016616606085742967,0.00048009355928826366, 0
1.0058047890663147,0.025880970142067247,0.00206034809349589, 0
1.00967316031456,0.014581542838183506,0.0004662440845603299, 0
1.0103304028511046,0.005657009317642558,-7.987167857805843e-05, 0
1.0123292267322541,0.014742067896002879,-3.38740225775069e-05, 0
1.0070078790187835,0.006723969406482584,8.711704343156152e-06, 0
1.0129486441612243,0.004185407379731103,2.0541190507117333e-05, 0
1.0128308892250062,0.004602395251747891,-5.925152217258756e-05, 0
1.0050121307373048,0.008410487060100787,0.0002144889689198237, 0
1.0128068566322326,0.009986054838820174,3.8306666284881904e-05, 0
1.0152701675891875,0.016176481901570235,0.00019122522230183858, 0
1.0087661921977997,0.0099904144541081,-2.3115866301992704e-06, 0
1.0073977410793304,0.010822899606277421,-0.00046301238077184337, 0
1.006693071126938,0.010273788064455388,9.588447293360498e-05, 0
1.009793609380722,0.007917752961684437,-0.0001392704682405821, 0
1.009733748435974,0.01010590945521468,-7.386099201909247e-05, 0
1.0109505772590637,0.01112568236392731,-0.00021560769973092423, 0
1.0096944153308869,0.005836441935497509,-4.5576042662176525e-05, 0
1.0083545923233033,0.00747584832168421,-7.976741239588136e-05, 0
1.0056953310966492,0.004923179813795093,-5.437151800578021e-05, 0
1.011075735092163,0.005249657211087584,-0.00016307377981661375, 0
1.0082588851451875,0.003559555669723755,-3.871561556714198e-05, 0
1.0085869550704956,0.003999644319883783,-4.291883701910137e-05, 0
1.0087704062461853,0.005226670247888966,-2.2322449076739304e-05, 0
1.00728497505188,0.00482904395753394,3.122266327579837e-05, 0
1.0102000772953033,0.006060537861718254,-0.00022704675712539312, 0
1.0093779623508454,0.022068049567409598,0.0005777262812639349, 0
1.0117369055747987,0.04113235718491197,0.002292034869719828, 0
0.9995403170585633,0.016932545836938505,0.0003924649656909196, 0
1.008025598526001,0.009296704900903804,2.8702239353606282e-05, 0
1.004326593875885,0.04626609333118608,0.004122222191602987, 0
1.0154441714286804,0.03491841460213389,-0.00394178064087356, 0
1.0111017763614654,0.026383516355188034,0.0009578298394320228, 0
1.0052978932857513,0.01396806150438352,0.0007277058254327784, 0
1.0248767375946044,0.038911709318461905,0.002917268644318938, 0
0.9915173411369324,0.06058101055806404,0.007599195584597849, 0
1.010559582710266,0.012744604150462491,-0.0008215864870976474, 0
1.0062914669513703,0.01170589509181294,-0.0003680808947695624, 0
1.0140227198600769,0.014202083053188128,-0.00038377764600880935, 0
1.0063879668712616,0.0128879094917352,0.00036265303677431867, 0
1.009558880329132,0.004930049210022057,-8.816464763441444e-05, 0
1.0098226070404053,0.0035300711515360112,-4.773572739225074e-05, 0
1.0079474449157715,0.004753714476571355,-5.626026434413234e-05, 0
1.0047690510749816,0.009748288420518067,0.00032733938017912576, 0
1.0098630011081695,0.006243529315520659,-9.929527039140849e-05, 0
1.0096623241901397,0.005289681825083176,7.377087392477222e-05, 0
1.0082478642463684,0.009541881851647194,0.00014130271158165896, 0
1.007291579246521,0.009178035588834572,-0.0003342712358062272, 0
1.0085809588432313,0.016199752732913717,0.00015742620242207293, 0
1.0143216133117676,0.014181467037870443,-0.0002895448713090332, 0
1.008799433708191,0.02072648581774001,-7.117792625876973e-05, 0
1.010470461845398,0.013226325087974748,-0.00010481286347783219, 0
1.012037742137909,0.02468551939297338,0.0004910404093067202, 0
1.0070517241954804,0.015709880219859987,0.0004748572469463141, 0
1.0166740655899047,0.03577936480566881,0.0002482459764877374, 0
1.0043526411056518,0.020690609314553163,0.0006967737924753691, 0
1.005159044265747,0.01862247893808658,-0.0010757161481848242, 0
1.0058658301830292,0.05912124612892082,0.00029474224406236295, 0
1.0171514093875884,0.03714440715699862,-0.0003821208804456683, 0
1.0108556926250458,0.013402047796292449,0.0008291805162595978, 0
1.0099322021007537,0.011614691906121997,-0.00015005248355812737, 0
1.0087620735168457,0.006882594410306473,-1.1302858298734e-05, 0
1.013139146566391,0.011817718683177762,0.0003100352554991304, 0
1.0066274583339692,0.007071456610351107,0.00033315332381214093, 0
1.0086998462677002,0.007302814296957928,0.0002421517475340807, 0
1.0118181586265564,0.003962220170686837,1.975250284971253e-05, 0
1.0069725155830382,0.007340546973028382,-6.34485472218671e-05, 0
1.009632909297943,0.0022909736848035407,5.508931636200037e-07, 0
1.0095544278621673,0.00835382260897446,1.2532892757732847e-05, 0
1.0108836114406585,0.006732152896959317,0.00013960976826545845, 0
1.0097068667411804,0.004045246246831365,9.671822822099328e-06, 0
1.010539710521698,0.009486246351310606,0.00018913707642553845, 0
1.007349568605423,0.01052043668132505,0.0002921140330375493, 0
1.0102997899055481,0.008442155660413874,0.00019580720494474237, 0
1.0122316181659698,0.015552121386870928,0.0007718468274102719, 0
1.0005256235599518,0.01675757023314908,-0.0008737093096105042, 0
1.0150349259376525,0.029095217931014855,-0.001267930569584052, 0
1.0082055807113648,0.011221959414773372,-0.000889801370897203, 0
1.0063047587871552,0.00900803734676066,-0.00010278815959061659, 0
1.0053882777690888,0.013276787709592397,-0.0002631627363559375, 0
1.0192542552947998,0.010745969551162816,0.0002562211977362949, 0
1.0049939632415772,0.020107942532016056,-0.0003753625104302216, 0
1.001963996887207,0.04001245252510732,0.003508879559676359, 0
1.0080175399780273,0.0200002279020455,-0.0016926407601829396, 0
1.0064279854297637,0.020461663107358842,-5.2832716096773437e-05, 0
1.0070631623268127,0.008565456444965272,-0.0003299552243888115, 0
1.005393236875534,0.019893635393408486,0.0007310292180005007, 0
1.0084793329238892,0.02139728293347416,-0.0004934916121527521, 0
1.0168524920940398,0.02582667351613575,-0.001919082651867043, 0
1.0114156901836395,0.008069584012790185,8.632988256884744e-05, 0
1.0081678628921509,0.006782776188556916,9.076452923295619e-05, 0
1.007186508178711,0.004924198728655845,0.00010673101830036558, 0
1.0131256461143494,0.008647217458315957,0.00022699659237304103, 0
1.0101967096328734,0.0048574339161653,4.1338622446573935e-05, 0
1.011587643623352,0.0032663459515720086,1.4205833574010285e-05, 0
1.0092662632465363,0.00840034801716958,-0.00017457015126645106, 0
1.0113766610622406,0.007429089517342383,3.6363559776120263e-05, 0
1.0105351448059081,0.003596808330431055,-1.1668007550724724e-05, 0
1.0119957447052002,0.005312539293997614,-0.00015087847766324103, 0
1.0133579850196839,0.003875710048967212,3.932705314326768e-05, 0
1.008458709716797,0.008579982834561746,-0.0002904940976748094, 0
1.0087704479694366,0.00919617124845871,-0.00019577436319515585, 0
1.0125515699386596,0.002658813223064701,2.5468127461181223e-06, 0
1.0095417141914367,0.009888633450349698,-0.00034130392925959543, 0
1.0056479096412658,0.011794386420892257,-0.00011904203900456873, 0
1.0112739205360413,0.004579378942736463,-8.937067521941344e-05, 0
1.0116931200027466,0.0028745207628855466,1.1705729178856927e-05, 0
1.0140127062797546,0.004963698587695553,-8.635862518389104e-05, 0
1.0045785427093505,0.006651651143180787,-1.8472567896310468e-05, 0
1.0154271721839905,0.013358398454109638,-0.00017292932066226285, 0
1.004154336452484,0.007595396734414338,7.608864969768089e-05, 0
1.0127835392951965,0.0040752528465994005,7.711408768784624e-06, 0
1.0114666521549225,0.009274144528698075,-0.00019643610821340474, 0
1.0042199969291687,0.01062900493619746,0.000690206803623994, 0
1.0118534326553346,0.010501166211943108,5.398632719675337e-05, 0
1.007785713672638,0.0093404606843315,0.00026659714960572953, 0
1.0114645957946777,0.003379708288631998,-1.340012696005033e-05, 0
1.0093173921108245,0.008413882065075495,-0.00016577068753811377, 0
1.0058804988861083,0.007992794432684037,3.1630976360474966e-05, 0
1.0074378669261932,0.01813363068174133,0.0008349943545024274, 0
1.010737031698227,0.014706879792215884,-1.729866987609796e-05, 0
1.008822512626648,0.0063484427356975265,-0.0001833272117096385, 0
1.007666105031967,0.0148645541284897,-0.00011197208477433659, 0
1.0079823553562164,0.016862388786060938,0.00021760272141726483, 0
1.0095545470714569,0.026221930470360165,0.002719890759252408, 0
1.0061406672000885,0.02226827432408947,0.001606775452789222, 0
1.0107230246067047,0.011026989299653654,0.00015129000293079287, 0
1.0106659293174745,0.010567584960035065,-0.00021404026965257114, 0
1.0091885387897492,0.009973583841282163,9.577929364432689e-05, 0
1.0039082646369935,0.01771511714460308,-0.0004213767640109722, 0
1.0100928902626038,0.014730293256458096,0.0003329069113405581, 0
1.0093632817268372,0.01830242986163417,0.0007969926545023042, 0
1.0067488431930542,0.016598385921240074,-0.0007252850492221796, 0
1.0102379500865937,0.010974930911616491,-0.00029600081658607283, 0
1.0088141024112702,0.006687664707271629,-0.00020013067786841529, 0
1.0077470004558564,0.016319179837684057,3.313024044580003e-05, 0
1.0119420349597932,0.021549031939896192,0.0014281979389846097, 0
1.0113371551036834,0.012645705895582964,0.00017993313327444588, 0
1.0078158676624298,0.013298337006657278,0.0006480538188409213, 0
1.0085153460502625,0.010471733442921367,0.0003000762390698242, 0
1.0114739835262299,0.008287560637871458,8.05946182502737e-06, 0
1.0103264033794404,0.010790204367598087,9.621358999503116e-05, 0
1.0078613400459289,0.009500393239850356,0.0006196865993231881, 0
1.009717857837677,0.0059379530418059105,-0.00011370634005771762, 0
1.0110195755958558,0.008659842909259734,0.0004850918026860995, 0
1.0061914443969726,0.018956046115512982,0.0007782912776463035, 0
1.0105243444442749,0.014335405795852811,0.0006927584184580836, 0
1.0104154229164124,0.013584153529328078,0.0002532500033524343, 0
0.9974067986011506,0.018537243189296244,2.8779583385230057e-05, 0
1.0187126278877259,0.010460486973883255,-0.00020754784327579046, 0
1.006691825389862,0.012446190895502671,0.00027939684525648547, 0
1.009330976009369,0.007440755787290927,4.0411260071948626e-05, 0
1.0121489644050599,0.006384615202624793,0.0001178665074647256, 0
1.0023994028568268,0.012139380658645666,0.00021775875046294856, 0
1.0084054350852967,0.013216060501685495,-0.00014311821150201362, 0
1.0065829753875732,0.011634188491998713,0.00047765550161216197, 0
1.0145681262016297,0.009110153056906604,0.0001632520897643985, 0
1.0042759239673615,0.01109935652830945,0.0002918422295788759, 0
1.0064207196235657,0.0167207348706317,0.0005668760633440683, 0
1.020064353942871,0.008419856476302461,-1.7002846036007213e-05, 0
1.0005682170391084,0.012074324783595925,-0.0004971678114461752, 0
1.00993931889534,0.009068085322621211,-3.494411443263348e-05, 0
1.009294605255127,0.004326648937419354,-1.9630680958471204e-05, 0
1.0094720363616942,0.009436531919370087,0.0002277313273935988, 0
1.01089546084404,0.03141862437134294,-0.0014517433441358918, 0
1.008272659778595,0.02376813365683871,0.0011711080984738945, 0
1.0155025601387024,0.021465261716680475,0.0012604563405446355, 0
1.0036632537841796,0.02093778942699046,-0.0007408425929554595, 0
1.00612912774086,0.01634211900988611,-0.00022290723151350276, 0
1.0066574931144714,0.00767381225136288,3.62462315578682e-05, 0
1.0114166378974914,0.007616431965383368,0.00040673706163971704, 0
1.0117693185806274,0.004681160369023577,8.218665555546065e-05, 0
1.0101534128189087,0.0068382618433552545,4.9088351417481135e-05, 0
1.0046316802501678,0.007100399062417093,-0.00017335952314176948, 0
1.0048925757408143,0.011405028256144404,0.00020385321562201852, 0
1.0072605967521668,0.006556115831489457,3.757436032145734e-05, 0
1.0043853938579559,0.0067049478854762255,-0.00013644230091678367, 0
1.0111152291297913,0.007065449435472887,6.393704103544451e-05, 0
1.006971824169159,0.012831564355374683,5.785551985439948e-05, 0
1.0022340536117553,0.004624790331238495,2.8233461071636158e-05, 0
1.0052209675312043,0.014410651808922143,0.001025198936272531, 0
1.0089348196983337,0.01809278813311095,0.0002501841775185199, 0
1.0091532945632935,0.018831765350891892,-0.0005217131706075406, 0
1.0046494722366333,0.014613819244101059,0.0003193367984039241, 0
1.0056253015995025,0.009267048118891985,2.730944466797782e-05, 0
1.0064388692378998,0.006626685473838095,-4.795746857055862e-06, 0
1.0083675920963286,0.010857451330256403,0.0005671665782141845, 0
1.0062913656234742,0.006365918840278722,0.0002069844517450292, 0
1.0059234857559205,0.005734553773496806,-0.00011942782160048182, 0
1.0070564031600953,0.004292696388282442,-4.4875261247057095e-05, 0
1.0041750490665435,0.007136100128858747,-1.4749859164808739e-05, 0
1.0066946506500245,0.009126056621338136,1.4515213089794066e-05, 0
1.0074418306350708,0.006727086180398644,0.00011123551802540987, 0
1.007830274105072,0.013158534386111592,-0.00026003106373337923, 0
1.0085653364658356,0.007378001212319562,0.00024374179564112808, 0
1.0033583164215087,0.008465197745198553,0.0004696217607772724, 0
1.0093565464019776,0.00770258065440292,3.743422334991919e-05, 0
1.0065748870372773,0.0050169938481203795,-3.9611820372797984e-05, 0
1.0116827130317687,0.006947288749772733,-7.632856849539848e-05, 0
1.0031439781188964,0.007808604463689346,0.0002995297019609212, 0
1.0077787697315217,0.004828043649082743,-6.367608167359152e-05, 0
1.0067046284675598,0.003735937923451445,-6.598312706529441e-05, 0
1.0090616345405579,0.0029508841252869427,-3.073974404088631e-05, 0
1.0081347227096558,0.003611970826046668,2.413610023666024e-05, 0
1.0148531556129456,0.010220663133891712,-6.32708870810461e-05, 0
0.9997277021408081,0.01768136914281215,0.0007475699535760327, 0
1.0084853231906892,0.006891075293075587,-4.452185505279258e-05, 0
1.00703125,0.007801472467777457,-0.00026157593940610006, 0
1.0071064233779907,0.003164501834652552,1.525734552387803e-05, 0
1.0120173931121825,0.0072266003961555915,-0.0002595329761078346, 0
1.0126081824302673,0.011918632933572563,0.0008657006849958293, 0
1.0053784847259521,0.010360182674749311,0.00014389488951849216, 0
0.9983696281909943,0.017760007672115437,-3.772223707834146e-05, 0
1.0068843960762024,0.016228592741237766,0.0017240557315822969, 0
1.005809623003006,0.012281081618748023,-4.329743497386573e-05, 0
1.009202527999878,0.008610217259595139,9.04924300385801e-05, 0
1.0008432507514953,0.013772140125811506,0.0006600996289712667, 0
1.0081899404525756,0.0043570355936413015,-8.240052833343725e-05, 0
1.0059281289577484,0.00645859631676333,7.233388850913514e-05, 0
1.0079010248184204,0.010147652018881976,-5.905947378224136e-05, 0
1.0046935558319092,0.012068546294337979,0.0006317456184191883, 0
1.0076051950454712,0.012024604559769824,-0.0007347270675168716, 0
1.0044679522514344,0.009807371169646048,0.00015417302614508798, 0
1.0040547251701355,0.003728829635138491,-1.6731096010857982e-06, 0
1.0044680953025817,0.0034439688351111312,-7.138268736781584e-05, 0
1.0071445941925048,0.005827653573077437,-4.06556344699993e-05, 0
1.0048385083675384,0.005981683668006488,-0.00010969938689306958, 0
1.0127872824668884,0.013065330065430852,0.0003230431639522635, 0
1.0038326740264893,0.006993349185863803,-3.726541075934618e-05, 0
1.0078686714172362,0.00453380544718077,-0.00010270312799889326, 0
1.0089787483215331,0.006634753232281942,-8.878350789700564e-05, 0
1.0080888390541076,0.0037648486575912535,-1.9223246029298485e-05, 0
1.0060428977012634,0.01568493237969139,0.00024612274057034256, 0
1.0089188992977143,0.016216471155697982,-0.000732193709044182, 0
1.007629245519638,0.013208928622059614,-5.461068581702477e-05, 0
1.0055069386959077,0.009055233018840432,-2.4966604911824656e-05, 0
1.0065329730510713,0.005015237105108312,3.376566105472991e-06, 0
1.0057214975357056,0.004131352690171591,-6.75958357106765e-05, 0
1.0051734268665313,0.008403698708683863,-0.00021962043241394722, 0
1.0068500101566316,0.00963701985258517,5.2944349512173984e-05, 0
1.004495882987976,0.009935185467752886,-0.0004001318507164343, 0
1.0064069032669067,0.009251947854440366,-0.0003008670650501699, 0
1.004158800840378,0.006960119394826242,-0.0002117597422287787, 0
1.012806910276413,0.010321272089013848,-0.00040647032519167684, 0
1.003984558582306,0.02926230369943093,-0.002006469347294626, 0
1.0063284993171693,0.03541400900290392,-0.0021177986612300973, 0
1.000839740037918,0.016871142576238722,0.00026832505296248144, 0
1.0058311998844147,0.016040517740096176,0.00017913798364368463, 0
1.007836377620697,0.008328325411654052,-2.2019616920942381e-07, 0
1.006687980890274,0.011040389518923673,-0.00045959126803616355, 0
1.0040820479393004,0.014977319560068094,-0.0007914682770632452, 0
1.005467939376831,0.00553083508262515,-0.00011169896610638828, 0
1.0079578101634978,0.0060657197559731285,-0.00016788754366139355, 0
1.0024471580982208,0.007282077551717895,2.5746601670206815e-05, 0
1.0047087788581848,0.007952593224952719,0.00010185847921420078, 0
1.0156763911247253,0.03623855908674541,-0.002953253921040044, 0
1.007500696182251,0.006492053041961121,0.00015371703687208082, 0
1.0056600987911224,0.010056067229070239,0.0003538301845406266, 0
1.0065442681312562,0.03991905971874823,-0.0011607367709970614, 0
1.0168735921382903,0.029270641991027115,0.002532235243868897, 0
1.005950576066971,0.016337946962323845,-0.0011031811997742834, 0
1.0120746850967408,0.019372246149917595,0.0012653917716725972, 0
0.9992254495620727,0.022785762561481755,-0.00014869164783135592, 0
1.0024108409881591,0.02859048033032848,0.00019200298119983474, 0
1.0122393846511841,0.014010729412404931,0.0001293566895753884, 0
1.0023573458194732,0.013323708720335677,-0.0004341374062125426, 0
1.0124043822288513,0.02990033804133282,0.0026227606010493787, 0
1.0071901321411132,0.017967529529368077,-0.0007291268847374967, 0
1.0095725655555725,0.02072201049166165,-0.0003076123609631054, 0
1.0017369151115418,0.011347039630201517,0.0004960105465713127, 0
1.0073098838329315,0.027588067415860913,0.0007667184298849605, 0
1.0096728384494782,0.01645046521869321,0.0007075082619291351, 0
1.0058371067047118,0.007994706766393344,0.00040121760361842005, 0
1.0044253826141358,0.00655441629406381,8.002582798170011e-05, 0
1.007585096359253,0.004376585258318973,0.00010738666852319059, 0
1.006306654214859,0.01580978237089148,0.0001379866065530422, 0
1.0063369512557983,0.0070865711272311074,6.130402646817857e-05, 0
1.0061541259288789,0.00720515175046172,-0.00019791527371673114, 0
1.003631591796875,0.012237581544676888,0.0006174271349834726, 0
1.0146730303764344,0.018815481806599834,-0.0010079579512151326, 0
1.0067585825920105,0.007662560021141139,-0.00022299611984664123, 0
1.0249092042446137,0.055210934232457466,0.007374878519904015, 0
1.0058908820152284,0.014999347253096,3.870935097438638e-06, 0
1.0072658777236938,0.029897452962109113,-0.001501039242144486, 0
1.0081027925014496,0.023291147634586232,0.00020035763626360394, 0
1.0053247928619384,0.03701195950753477,0.00608489721707386, 0
1.0042978286743165,0.015176987998094572,-0.0011442989634872446, 0
1.0000445008277894,0.02848649622393111,-0.003214832441932458, 0
1.0090770602226258,0.05396801179679551,-0.00951414389018055, 0
1.0051116406917573,0.028348918946572182,-0.001426953454800284, 0
1.0122079789638518,0.0415839546095086,-0.0004045659355401904, 0
1.0207167148590088,0.08608108751626169,0.010198566666434062, 0
1.0033056259155273,0.023258187417529486,-0.0008894913438460606, 0
1.0032118737697602,0.02096956400054791,0.0007974788660018105, 0
1.0068764805793762,0.01747523684254622,-0.00013516673200939525, 0
1.0040075838565827,0.01954527319185774,-0.0013695522988758312, 0
1.0124443113803863,0.020190293533466967,-0.00039786109734087907, 0
1.0045694530010223,0.0158343120786912,-0.00037849296610268366, 0
1.008421242237091,0.012177860354766834,-0.00031851807805338694, 0
1.0071289956569671,0.013403473071095158,-0.00022964483889218457, 0
1.0071368038654327,0.01340829434116948,0.0006396466084805043, 0
1.0065930306911468,0.009170596570888513,-5.92083626177242e-05, 0
1.0083150684833526,0.008110957456569588,-0.00022749981900780367, 0
1.0056110739707946,0.004020051803677873,-1.579350539770985e-06, 0
1.0043209314346313,0.006272717914005878,0.00014746454711414003, 0
1.0102631866931915,0.010136627060771937,-0.00043061780315021284, 0
1.0016749382019043,0.008653246338995562,0.00014216733800367364, 0
1.0040028035640716,0.006516996702725289,-0.00010868199196814032, 0
1.0098520278930665,0.011875323616352162,0.000306761215364304, 0
1.0079967617988586,0.009236155243187239,-0.00045919979116462175, 0
1.00398690700531,0.010814768811905935,6.731127824934902e-05, 0
1.0091156303882598,0.007909965005683873,0.00010865904034993435, 0
1.003324180841446,0.00997280165332344,-0.0001356190886898645, 0
1.004776304960251,0.026859369477279536,-0.0013524301343220912, 0
1.0080011069774628,0.025313320646689928,0.0006173025211925422, 0
1.0021327793598176,0.012123505663544962,0.0006384121026879797, 0
1.0061185777187347,0.012627891765089513,-0.0006484274906060961, 0
1.0067075848579408,0.004839456184929854,8.482901991158076e-06, 0
1.0061389923095703,0.00819101481169817,0.00015322672816466825, 0
1.0064969539642334,0.003242818983485083,-2.236133371411597e-05, 0
1.0030942738056183,0.005424649800215993,-0.00013892576912475363, 0
1.0058299243450164,0.006638091873564705,-0.00034402824032078174, 0
1.003338748216629,0.008063569417923386,-0.00010622977689358491, 0
1.0050446391105652,0.007938402012582777,5.072518735715903e-05, 0
1.005667358636856,0.004951429194865955,-7.943487529793458e-05, 0
1.0044354319572448,0.005434062558179953,-3.6764875389394525e-06, 0
1.0032289505004883,0.005804900537023811,6.981022496290734e-05, 0
1.0053599059581757,0.011814341614045059,3.737338603961859e-05, 0
1.0056590914726258,0.006213419534927256,5.567005221109866e-05, 0
1.0055176675319673,0.004558687891591319,4.3887818506149755e-05, 0
1.003806746006012,0.005016888556275265,-7.57836583730409e-05, 0
1.0010348856449127,0.039303960464114815,-0.007528351967453162, 0
1.0039378166198731,0.027468576349992495,0.0013272575353241224, 0
1.0076720476150514,0.005494123392012387,-2.280726274364042e-05, 0
1.00396409034729,0.0037798026411365285,-3.554075339309292e-05, 0
1.0071820497512818,0.004542464287129496,1.1457542078119331e-05, 0
1.0068593502044678,0.015306709816934057,0.0005831234320140767, 0
1.0035175442695619,0.02610874332985336,0.0010558100553851092, 0
1.0044679284095763,0.015410464034458773,-7.76670796923895e-05, 0
1.0044441223144531,0.011956101757136978,-0.0005342292774699331, 0
1.0402508914470672,0.11258720740545256,-0.011724870273724621, 0
1.01001877784729,0.00879598577314891,0.00037623182507786625, 0
0.9993732810020447,0.05577050948269756,0.010715292501868845, 0
1.0125544905662536,0.040720476927718255,0.0037642127632736334, 0
1.0126187026500701,0.03456964107437227,0.000876523625852243, 0
1.0004821300506592,0.023261801313143003,-6.011831904970687e-05, 0
1.0075375378131866,0.02119923717454619,-0.0003465254575377941, 0
1.0034236013889313,0.015244563161162012,0.00019340767307873818, 0
1.0033754646778106,0.006014690205675097,3.975382352159328e-05, 0
1.0073817193508148,0.02633171769462834,-0.0019132522449641703, 0
1.0059461295604706,0.014140131652065773,-0.0009344057418463336, 0
1.0054408133029937,0.04737173444826904,0.00026113939359753116, 0
1.0035042226314546,0.036204700297806355,-0.001469151327654928, 0
1.0060939490795135,0.014403352324133211,0.00046832003362418106, 0
1.0037261486053466,0.006238655667884705,-0.00011612473906410515, 0
1.0042050421237945,0.00763047544286193,-0.00025717678791927764, 0
1.0032979249954224,0.006414965523779389,1.1549525801513028e-05, 0
1.0036979615688324,0.006636462057861508,0.00014514824304079355, 0
1.0046379923820496,0.004470655252746534,-9.860629853477575e-05, 0
1.0038874447345734,0.007289456737584213,-0.00019605642289555192, 0
1.0079184770584106,0.008691160726912691,-0.00020560167949668084, 0
0.9990606427192688,0.00673039190598796,0.00020716796216859734, 0
1.0043998062610626,0.006105320025877495,-0.0001831423612177474, 0
1.0043340027332306,0.004712048309172208,-3.5974035776931146e-05, 0
1.0017867147922517,0.019044075502490068,0.0011131922574701748, 0
1.0051189184188842,0.0230125649114609,0.0010572020740141851, 0
1.003991436958313,0.006071876880962689,0.00014109120207308478, 0
1.007687944173813,0.00901450955005574,0.00011081323778618923, 0
1.0008677244186401,0.005622052181236421,8.755556538631026e-05, 0
1.0064635038375855,0.0031370924550099084,-1.4695201150516363e-05, 0
1.0044312119483947,0.003963100847435411,-6.96260406968463e-05, 0
1.0031058073043824,0.02464244868948088,0.00011462408672571192, 0
0.9981268167495727,0.016380796886198225,0.0009128347511605739, 0
1.0069764852523804,0.011997833860989677,1.5356538597188774e-05, 0
1.0067181527614593,0.005088814468646114,2.8861889830622543e-05, 0
1.0027295410633088,0.011146994743220185,-0.0008361564565223744, 0
1.0073425233364106,0.02468943589158296,0.0015519205544332947, 0
1.0011112689971924,0.013779382477548867,0.00039742087906802226, 0
1.0080674886703491,0.010710376154433961,-3.558160709360436e-05, 0
1.0055944442749023,0.006460289541782855,-0.00013961771929302816, 0
1.0065924942493438,0.0051153200802705225,-6.832179748137435e-05, 0
1.002815854549408,0.006135083112684778,-0.00020121990201147353, 0
1.005817061662674,0.024279719168678993,-0.0005655392848286313, 0
1.004781758785248,0.02504150013772515,0.000950756981905698, 0
1.0078785181045533,0.012471216687736516,-0.0005278757156105486, 0
0.9969772815704345,0.019785948188103517,-0.0004884255659987958, 0
1.0148240506649018,0.02335646938122713,0.0014701466376475733, 0
1.0079724073410035,0.015563731189592698,-0.0004921811743173522, 0
0.9986311912536621,0.0174518296769257,0.0015976443892448343, 0
1.0043830633163453,0.007507414157858967,1.200490663819665e-05, 0
1.013730126619339,0.019670735249213513,0.0019947302119373233, 0
1.0005508661270142,0.017300703962676623,-0.0005253686669632884, 0
1.008397775888443,0.027762102265899216,-0.0002757235774982548, 0
1.0065843522548676,0.013864763372069986,-0.0005191179845279948, 0
1.006911164522171,0.007956471932010782,-1.3274857707656921e-05, 0
1.0049745619297028,0.0143759042145567,-0.0003945161320149992, 0
1.0012730479240417,0.01342734496837813,-0.00024386394078632634, 0
1.0075850784778595,0.020580001057574033,0.0005671858498939031, 0
1.003564327955246,0.011783089142511336,-0.0001507258068205175, 0
1.0012453079223633,0.0060971597662521915,-0.0002047548717222014, 0
1.0131072878837586,0.0063525917820563245,0.00024505954783506925, 0
0.9986606776714325,0.009011475214526268,-5.302289257294034e-05, 0
1.0067627251148223,0.020807028086688353,-0.0018448783672969427, 0
1.0054642617702485,0.008128484242366877,-0.00044426461632021127, 0
1.0032042980194091,0.008089832532808237,-0.0003095672730083265, 0
1.0017827868461608,0.01265178508274699,-0.0010539179330827152, 0
1.008960235118866,0.013028261656620852,-0.00019457518508545494, 0
1.0048618018627167,0.013596592505169282,-0.0014476572535020438, 0
1.0020486652851104,0.009710040193366451,-0.0002541814853532998, 0
1.005199670791626,0.010380941558175443,-0.0005161566833464803, 0
0.9984368622303009,0.01414996927605364,0.0008444135416279864, 0
1.0014312386512756,0.0208282446545503,0.0022063231939121407, 0
1.0062011182308197,0.008719014308646161,-0.0003392582157051294, 0
1.0044624149799346,0.007510382556000246,-4.9916398598881537e-05, 0
1.008380687236786,0.014777397656070335,0.000385070880811611, 0
0.999599689245224,0.01617033913295797,0.0004232845929333706, 0
1.0059713482856751,0.008884931410029521,4.7591405704849895e-05, 0
1.0048348903656006,0.007404976186362639,-3.175566861202128e-05, 0
1.0083898663520814,0.010757143705407764,-0.0005119396591112491, 0
0.9954276323318482,0.009437319724065675,-0.00012503214656192085, 0
1.0082571625709533,0.006923187380734969,0.00012030551827848512, 0
1.0043563842773438,0.013811310719016886,0.00034743783126600647, 0
1.0040037274360656,0.009923086184451792,0.0003259669651512808, 0
1.0055477917194366,0.009541304314847556,-6.64758827539913e-07, 0
1.0030438542366027,0.010433720217461069,-0.0005752546026997151, 0
1.0034096777439117,0.00438470783698052,-8.235381166699083e-06, 0
1.0032772243022918,0.010415337994336412,0.00028607235494284563, 0
1.0038961708545684,0.011719714208933363,-0.00012452204196513605, 0
1.006729280948639,0.013101664563112868,-0.0002530337302019348, 0
1.0063462138175965,0.011637348831219025,0.00040956539117900084, 0
1.00435528755188,0.012697157126950943,-6.503620526245865e-05, 0
1.0001351714134217,0.005441337959513487,-0.0001853755681949565, 0
1.006014919281006,0.004548179697036985,-2.4146329243990296e-05, 0
1.007057648897171,0.012335243839966849,0.000124263361581356, 0
1.0045007109642028,0.010159494947359588,-0.000304691210131125, 0
1.0041637659072875,0.004139973274672305,2.6460200496103424e-05, 0
1.0009991109371186,0.012970785711158339,-0.0004176855221405874, 0
1.0068916440010072,0.006978832918977981,2.743479099507339e-05, 0
1.0018413305282592,0.017911467190798593,-0.00033202684561075565, 0
1.006266713142395,0.009155434272585519,-8.684067991993061e-05, 0
1.0046033620834351,0.008154870950128856,-0.0002821328316912286, 0
1.0005135238170624,0.007657152522975148,-5.515005488199165e-05, 0
1.0102089047431946,0.008614080144787858,0.00045404104667312595, 0
0.9990028738975525,0.009562732164241885,0.0002156820830379047, 0
1.002874481678009,0.01461862560163669,-0.0009630805561201329, 0
1.012081253528595,0.022522529706800028,0.00016943912886659983, 0
1.009343558549881,0.026950574232592006,-0.0016993115653892944, 0
0.9918880760669708,0.031898277938482246,0.0008997653571807263, 0
1.0014823019504546,0.027587103661813814,0.0005836329870373193, 0
1.007330733537674,0.014758727763408603,0.0006709385547591039, 0
1.0042151153087615,0.0076005831694324275,-7.01539751165825e-05, 0
1.0046438813209533,0.007250785017813538,-0.00028836456389882417, 0
1.0078286051750183,0.007855355939033953,-0.0003074586650924971, 0
1.0053978443145752,0.017364383979049325,0.0013044811078003703, 0
0.997416490316391,0.021142552850251475,0.0010598060831906507, 0
1.007300078868866,0.013699045566552139,0.000423734647803542, 0
1.0061037719249726,0.012112275662947647,-9.824952124723999e-05, 0
1.0063447892665862,0.01096805777623119,0.00043098396551464194, 0
1.0009557068347932,0.015663105215109645,-0.00039028722281777564, 0
1.0024200558662415,0.014670542654667336,-0.0006945767112412682, 0
0.9985272824764252,0.02494168622969339,-0.0014392915055129408, 0
1.0043272078037262,0.0386687122549261,-0.004937412712886058, 0
1.0059098899364471,0.016070007248297463,0.00044037987835032766, 0
1.0037891626358033,0.010819739292191887,-0.0008154929776210907, 0
1.0075904071331023,0.010246276740369277,1.506523253134164e-05, 0
1.0008167624473572,0.015910896479540963,0.00026102781090386884, 0
1.0057965397834778,0.01136614691812637,-0.00057518310023994, 0
1.0010193884372711,0.009734916625118793,-0.0002551730126842955, 0
1.0071482479572296,0.0049001541927383855,5.532251827524703e-05, 0
1.0075962543487549,0.005307053240448385,-0.0001267022934854367, 0
1.0028639078140258,0.012803755405279131,0.0003771754648354886, 0
1.005761981010437,0.0053379099381855085,-0.0001167447571788216, 0
1.0044123709201813,0.006064378433988139,-0.00015144035893008832, 0
1.008890974521637,0.00771058235092304,0.00017064984564143514, 0
1.0018604576587677,0.004504475584519,-6.62688393720856e-05, 0
1.0041055142879487,0.032564240843903886,0.0003811379639127922, 0
1.0043951213359832,0.01124853367628519,7.52078381506038e-05, 0
1.0042869329452515,0.01945995870946697,-0.0001995120434173715, 0
1.0050735414028167,0.0049170858984325634,5.163299897468221e-05, 0
1.005411398410797,0.011805701811788314,0.00012236318800020742, 0
1.006716674566269,0.012271819400864588,-0.00019529475494586279, 0
1.001284372806549,0.010836310994697522,-0.00042552328110332386, 0
1.0068434059619904,0.006034073129422837,3.433430509538481e-05, 0
1.005694842338562,0.009794897494078919,-0.00039574006004130526, 0
1.0037698566913604,0.011882467099852828,0.00017241135987369207, 0
1.004335391521454,0.0033179595590227605,-5.395577400832963e-05, 0
1.0080170392990113,0.00825083546566581,0.0001636815679631809, 0
1.0050174951553346,0.004424965050306077,-0.00010236433332124761, 0
1.002030509710312,0.011340600492169391,-7.267832670585503e-05, 0
1.0046103715896606,0.007238741203008188,-4.4557592312344246e-05, 0
1.005302256345749,0.0053304871391076595,-3.3914096946219276e-05, 0
1.0051137685775757,0.004407293500405084,-6.304543858846045e-05, 0
1.0030955255031586,0.004719694130668493,7.830982310643719e-05, 0
1.0012410402297973,0.007982045391257955,-0.0002137865286840679, 0
1.0117295980453491,0.038806582521126856,-0.002707573860419643, 0
6.0955531120300295,0.024197283782934623,-0.0009007946556721436, 1
6.0857525825500485,0.033509305979642974,0.002464029728025707, 1
6.075883102416992,0.13357213753393202,0.037094106147014826, 1
6.114883089065552,0.027675428039829544,-0.001000100922033198, 1
6.1059403896331785,0.043522135584381935,-0.002408685678597066, 1
6.080376768112183,0.040766399340601424,-0.002922219498009326, 1
5.940232467651367,0.10145042699273316,0.050990114034084405, 1
6.107550001144409,0.44195635011593515,0.958490852972568, 1
6.264186763763428,0.5402266615975739,1.8664182961828373, 1
6.191552829742432,0.4895258612257084,0.14836823411073963, 1
6.231070518493652,0.7726023082945408,1.3754477379670789, 1
6.235988330841065,0.46885230106758713,0.29434284633598506, 1
6.050642585754394,0.599987018372612,-0.37639249448952783, 1
6.033818244934082,0.9211456446228428,2.002878600680333, 1
6.063132429122925,0.8972949990243964,1.2885841351055887, 1
6.47771725654602,1.0335531493935206,1.644739082798674, 1
6.2442319869995115,0.5898689351330235,0.3143038247531877, 1
6.334628629684448,1.3307112517806021,7.800860083060319, 1
6.2769176959991455,0.9383341808412935,4.768190531357618, 1
6.200713300704956,1.1718933335874788,4.343719373367117, 1
6.373773574829102,1.330315811349689,7.448061105656279, 1
6.4834216117858885,1.2899726964825797,8.030774325887341, 1
5.72178955078125,0.5776381107515456,0.5041521474098318, 1
6.248363494873047,1.172406225265744,7.162000483683414, 1
6.174674463272095,0.8398260719495946,3.140748824082925, 1
6.102188205718994,0.8377930640490941,2.922540805957078, 1
6.08888840675354,1.0642442835107686,5.758043615983411, 1
6.295095014572143,1.3601216470050121,5.213044712870192, 1
6.281364488601684,0.7844481692775925,2.1392886077510185, 1
6.237636280059815,0.6287656282528797,1.1828835971597071, 1
6.336063861846924,1.5913437483190476,10.887189648252843, 1
6.15484299659729,0.8938317759941478,6.086856224436156, 1
6.045731544494629,1.337396234819925,10.408179200708673, 1
6.321738147735596,1.211208786125852,8.963592637968214, 1
6.321827697753906,1.1862464198080551,10.409040380810985, 1
6.1052063465118405,0.869103861240676,-0.431938498116756, 1
6.064073324203491,0.8677033612215109,3.514362789011898, 1
5.930779886245728,0.8875947318374334,1.5095642034720869, 1
5.953717422485352,1.0518241846846483,3.80844738398182, 1
5.902777910232544,0.8619015633459427,1.5640182187984237, 1
6.371127462387085,1.0676553711003816,3.2696797815003946, 1
6.098775959014892,1.0261388596643488,4.455720187390306, 1
6.150272798538208,0.9005194151714322,4.204587761084872, 1
6.180135107040405,0.9860662058493269,3.7986225151205644, 1
6.454129648208618,1.3242712812448538,12.095463635116607, 1
6.013277053833008,1.007085635188649,3.686188485950197, 1
6.2334600448608395,1.2051718149134747,7.306697416562338, 1
6.007139492034912,0.7409342504726519,1.7620085345971348, 1
6.226978206634522,0.9362202205253849,4.64838854598238, 1
6.062696552276611,0.8753230252521486,-0.867576831579163, 1
6.3242363929748535,0.9506273249948487,4.780606870929432, 1
6.167867755889892,0.788964324943978,2.6877390140408806, 1
6.330333471298218,0.9584795573467718,3.8001910126889697, 1
6.0501453399658205,0.8682959908161569,-0.24333087236495898, 1
6.206194734573364,0.964000134357514,4.465803695949967, 1
6.3103899478912355,0.9919762536301205,-0.5861376421976501, 1
6.164983701705933,1.310099517104246,8.08892563429729, 1
6.331046438217163,1.3268359162957786,11.453311886944014, 1
6.05419225692749,1.164473286173202,5.199558085100853, 1
6.239091634750366,1.0941695325342746,6.113330458133873, 1
5.756158351898193,0.5213082139155338,0.9742747399570817, 1
6.17191104888916,0.8395912657407728,2.5144533083510847, 1
5.981006813049317,0.7312931085545847,1.3443774764678893, 1
6.195323657989502,0.8756292103561436,3.5484424563131594, 1
6.1079176902771,1.1478360167457273,2.716319187649697, 1
6.229466819763184,0.8028182201067201,3.6915753058116483, 1
6.0990767002105715,0.6927335826277525,2.769455668950263, 1
6.277569198608399,0.524024269726814,1.7047678605689727, 1
6.159750699996948,0.743527171747241,1.0277688341672047, 1
6.270132064819336,0.4773820388987308,1.0874823656779427, 1
6.2543083190917965,0.9514577598793039,2.7725273660750194, 1
6.167990350723267,0.9490230564034363,4.048927153247428, 1
6.106936836242676,1.00780675464227,5.7981271039365305, 1
6.34832272529602,0.9650043305387248,4.354479756117849, 1
6.106784105300903,0.7895252987582806,2.4979243640171944, 1
6.273056411743164,1.0047042753588589,4.610750659413407, 1
6.205133867263794,0.9659815250368975,5.428884142319225, 1
5.8723001956939695,0.6043881515831935,0.46291894016596874, 1
6.199105310440063,0.8910988270323252,4.902669700462843, 1
6.126843118667603,1.2037912107638404,2.8280170694811435, 1
6.367685985565186,1.0595597288817864,5.8443388562458045, 1
6.156670999526978,1.3242507038492968,8.664139809061885, 1
6.318419170379639,0.9721461441212551,6.788503093887448, 1
6.1127220630645756,0.5977909189063986,-0.41476190496130144, 1
6.1890359878540036,0.7070325230225493,2.9348032591853097, 1
6.097333288192749,1.0864800229334024,6.247340309474817, 1
6.356034183502198,0.9644795282859454,4.162452982935883, 1
6.063841104507446,0.7272262557967321,2.5360002995918194, 1
6.182282400131226,0.7179117881358317,3.6749615122789465, 1
6.098446273803711,0.6972892463830381,1.2637256097370027, 1
5.831894874572754,0.7020778286733012,0.48158513647967993, 1
6.240740156173706,0.8802436417378674,2.643283785390645, 1
5.980186033248901,0.8380547643086086,1.7108482791966027, 1
6.016924333572388,0.5258309643030935,1.6377175011241207, 1
6.068368577957154,0.9932554218318717,4.04801331382489, 1
6.1453063011169435,1.182604747679678,6.555934665218819, 1
5.781254720687866,0.8304641077743948,4.107680110498655, 1
6.090475749969483,0.6166340123960699,2.2423925259132376, 1
5.963384056091309,0.8904898806437789,1.6821389943046599, 1
5.704893636703491,0.6617820545150337,1.1501558435968262, 1
6.101372909545899,0.9299228648210269,1.9403582799883223, 1
6.357014751434326,0.9648935348309308,2.3698195281396237, 1
6.115560626983642,0.9116172034254499,4.537843218439457, 1
6.276732778549194,1.1021229040384275,5.375299671121433, 1
6.245334482192993,0.8770250355462299,4.562094712952581, 1
5.892416620254517,0.6972385011808309,3.271630507613077, 1
6.161261081695557,0.980243746579901,4.679462078870074, 1
6.130843782424927,0.8304649613744607,2.8061841420028717, 1
6.131564998626709,0.574347831692486,1.2124437926690006, 1
5.902486133575439,0.964392119353742,3.920294364847996, 1
5.877602577209473,0.9602036210246403,2.47611136388241, 1
6.04240312576294,1.0928680117868466,5.710933596072118, 1
6.05044903755188,1.0109590066163054,5.836239937067853, 1
6.198078536987305,1.0736361135224828,6.461910352472295, 1
6.106204271316528,0.9069254136891602,2.0774975721825513, 1
5.995245933532715,0.37648318725015023,0.4125055974877796, 1
6.0446672439575195,0.5937019757566232,1.582377399168763, 1
5.964978742599487,0.6910982786895034,0.5381853932419517, 1
5.8090215682983395,0.37719556554936395,0.6946954628159803, 1
5.990214443206787,0.7063463702038921,1.294824793458838, 1
6.076371812820435,0.7700562870108847,2.1544341388735346, 1
6.120595693588257,0.892558787104058,3.6749391598212924, 1
6.2185405731201175,0.9049651119630302,4.765619012946354, 1
6.201817035675049,0.7985842042269742,3.3451035629286707, 1
6.144027805328369,0.9004361732372466,3.298551321663035, 1
6.310847377777099,0.6594314187201634,1.5743415395508236, 1
5.908780145645141,0.6531267920682221,1.0103313682404635, 1
5.9718400001525875,0.7250835061276747,1.571251082291974, 1
6.11589560508728,1.195583633706057,6.352705097654984, 1
6.054858303070068,1.4537741019219568,2.7627811389233106, 1
6.165844440460205,0.9946808994332558,3.6748687402136966, 1
6.075983715057373,0.877975978649084,5.093832765547949, 1
6.047703599929809,0.8984486060951112,4.131421533249545, 1
6.195297431945801,0.911661305471897,4.5200862744228285, 1
5.898336887359619,0.6439964516975467,1.7687352872032989, 1
5.830490827560425,0.45340559183638623,0.26435404839378407, 1
6.039557027816772,0.7754397988193202,2.2730580395627604, 1
6.085115385055542,0.9891340274329687,4.16350334193769, 1
6.299215078353882,0.7924591731667319,1.8432659988415026, 1
6.4836671352386475,0.7618244975666009,3.0443109684193814, 1
6.013329887390137,0.8417714046539326,1.438728640455702, 1
6.208720111846924,0.760577702126867,3.773232074299494, 1
5.6808287620544435,0.540867159855397,-0.6308632812482756, 1
6.069329738616943,0.9684957450594384,1.3236387249621657, 1
5.80836968421936,0.707611905085194,1.8684088154518348, 1
6.168764352798462,0.8690459649186092,3.557980668252071, 1
6.002943849563598,0.8834247156139537,2.631505549477902, 1
5.945396471023559,0.8715720803852005,4.459952326871848, 1
6.144059944152832,0.7166887613999667,3.5816120904392847, 1
5.872183179855346,0.48295964107124184,0.3153415790536883, 1
6.131979846954346,0.4275578958659347,1.0293263430204662, 1
6.03298807144165,0.6617080891695085,1.7225600214178485, 1
6.438542461395263,0.895339311885897,4.833879437703127, 1
6.152494430541992,0.5989883884455357,0.5020271296591545, 1
6.206528997421264,0.8341831535976781,3.7815133068388835, 1
6.234834957122803,0.8617727576131115,4.205114430498815, 1
5.768388271331787,0.6353532597635838,0.22173349833929024, 1
5.806848430633545,0.8890468974369856,1.9788592001847518, 1
6.54586501121521,0.4802775772682705,1.224733676901883, 1
6.02503981590271,0.7325704461110569,0.8694541566349245, 1
6.089274597167969,0.8258973111246173,2.6044283911959156, 1
6.283987045288086,1.0001539617687412,6.998222568106257, 1
6.195769023895264,0.7851648531158159,2.759856959230865, 1
6.021944189071656,1.037163518198499,-2.6153176583884257, 1
5.820762729644775,0.6045467406049392,0.9838087479876322, 1
5.762828540802002,0.5869286152602775,0.8781920872396314, 1
6.126654005050659,0.6066501908078287,1.961390138498723, 1
6.083222723007202,0.8543665241773994,2.7378817164920064, 1
6.026489400863648,1.0510326307112996,6.258557091130138, 1
6.069684600830078,0.5763501288704505,2.3322504254007526, 1
5.770976161956787,0.5307057725311813,0.576770061444813, 1
5.897251272201538,0.651706981571687,1.1167523257436414, 1
6.043049716949463,0.6831757126510329,0.5194220356139795, 1
6.189983892440796,0.6174317022354818,0.9619666860512325, 1
5.992174339294434,1.0079260478268792,4.889944656208945, 1
6.2878045558929445,1.0590407022950725,6.40208822451857, 1
6.251880693435669,0.9036574841709222,4.2041278080657545, 1
5.957681131362915,0.6553087319404358,1.0110302599393663, 1
5.999552392959595,0.7748148366117255,2.642405233034674, 1
6.224059391021728,1.1787442657438776,5.910982552056658, 1
6.368663215637207,0.8662284798837635,4.290359037909321, 1
6.086062002182007,1.0079642667934818,5.257976156499558, 1
6.23153133392334,0.8013460758028643,4.45636701741555, 1
6.345122385025024,0.9280726398538559,5.326662401161661, 1
6.140003681182861,1.0691080667512358,6.222438775733053, 1
6.119834470748901,0.5453710967709122,0.6252077769174548, 1
5.9522748470306395,0.5318840147163933,-0.1838760875032449, 1
6.2655211925506595,1.175151181044878,8.037427361883397, 1
6.083892011642456,0.9458221198935906,3.377210800547369, 1
6.117737054824829,0.7748160590459017,2.7511844665376657, 1
6.278927850723266,1.1092619202776677,6.449530287737592, 1
6.185223197937011,0.9685085591852722,5.331695550043968, 1
6.323258113861084,1.0955329838327674,4.014098023243241, 1
5.992723512649536,0.7075120761442378,0.8126506074911275, 1
6.041476917266846,0.5316718600010508,0.9697865406013533, 1
6.0741650581359865,0.8966410445843782,3.383844511358211, 1
6.288895130157471,0.7494156852571913,2.348256458725473, 1
6.260123586654663,0.894467594902247,3.822411560004434, 1
6.318708181381226,0.6807204147594552,1.8016291341426722, 1
6.251094341278076,0.5743799786203064,1.1119653548637416, 1
6.176466798782348,0.6570220251728974,3.2147767071969833, 1
5.992285966873169,0.4594712331334698,1.0449695120281604, 1
5.997953653335571,1.0172997752097215,2.819999958385665, 1
6.265296459197998,0.9814825135918244,5.175096842737958, 1
6.128633165359497,0.9059882381066603,3.8257401239405002, 1
6.238111734390259,0.8718516652957011,3.964485313672526, 1
6.06662278175354,1.0238570940953309,4.391052707960602, 1
6.154107856750488,0.8573915104555987,2.9413385426115384, 1
5.925049066543579,0.5527033211763815,1.61457305162196, 1
6.049805307388306,1.013932581337987,1.8374758521208832, 1
6.0104625701904295,1.031386635922873,4.4045079952739785, 1
5.871929693222046,1.082419780788513,4.570371443875479, 1
6.05368938446045,0.8456745478232204,4.005986728014613, 1
6.055031633377075,1.0329582414001206,3.157520937774302, 1
6.212241697311401,1.06487442596081,7.523168738074651, 1
6.1847950458526615,1.041773582724308,4.815980946989407, 1
6.164085054397583,0.8683403642713444,5.195780032480365, 1
6.269784879684448,0.7998676946470108,1.9428741929163835, 1
5.975730466842651,0.9896046668833144,0.983005552427562, 1
5.888829946517944,0.6474174355875781,1.4555068418154633, 1
6.055968856811523,1.1851869064354317,3.1118519720252156, 1
6.348238086700439,1.367471226931445,8.078709714842171, 1
6.099861001968383,0.744218276445971,-0.016437214167558334, 1
5.919648599624634,0.5888989890149456,1.751597153980106, 1
6.017798280715942,0.9873355679704554,3.1210819653638513, 1
6.176788091659546,1.3545889921819352,9.58664142007467, 1
5.945394515991211,0.517168282512559,0.2008588488595251, 1
6.082412242889404,0.8475302712653291,3.128307647287329, 1
5.782572078704834,0.3538744970605375,0.7604896692761032, 1
5.865558004379272,0.5881197877580778,1.0997357150991092, 1
6.109274816513062,0.8460192884337573,2.464349685835236, 1
6.134092617034912,0.8617723615041587,3.52952932570779, 1
6.2434875011444095,0.8280132664895183,3.8348958231850014, 1
6.118945026397705,1.079741849539938,5.1355836577494305, 1
6.107686853408813,1.03891920039466,5.876577407535956, 1
6.00798978805542,0.8230624393071766,0.8374371049470937, 1
5.907556390762329,0.7831042301573238,0.2645547782510904, 1
6.027149772644043,0.6892223163988944,2.227819703822343, 1
6.382958221435547,0.7500574134663918,1.8404600045579176, 1
6.364298486709595,0.8544708923790038,0.7127213439851174, 1
6.348693609237671,1.1185972710814027,4.689951726647337, 1
6.183775520324707,0.7107628531223757,3.2164756716248575, 1
6.2815327644348145,1.0139147025454776,5.482356238510192, 1
6.01770806312561,0.5692651961660017,0.5979620914500856, 1
6.203762483596802,0.8770934576637212,-0.13813412975584932, 1
6.088216972351074,0.7751625593700572,1.1134898445878663, 1
6.270182418823242,0.7603527365837977,2.8847290738316134, 1
6.235592079162598,0.789611315781447,2.755185428511232, 1
6.2142518043518065,0.7988761155080708,3.76925613909757, 1
6.158832645416259,0.8487411133107955,3.3610641514288995, 1
6.236162185668945,0.9160982626291518,5.587013563935898, 1
5.862548875808716,0.48691793080351836,0.7093634464879187, 1
6.021192741394043,0.8801835579440901,2.738914875842147, 1
6.355101108551025,0.8310167698593061,3.2308736709680943, 1
6.204808044433594,1.0421424382409759,4.977669073721563, 1
6.305570602416992,0.6303739001697738,2.042029714852106, 1
6.275764322280883,0.7829700553083128,2.240023365693127, 1
6.237092733383179,0.7121964459112831,1.9994206549400815, 1
6.288211345672607,0.9324543580136455,4.596696324803588, 1
6.0519603252410885,0.7539399478516412,-0.6818411511323803, 1
6.189254331588745,0.7729744174581878,2.9838836977839716, 1
6.234194135665893,1.2099566522502978,4.609712601051137, 1
6.348893737792968,0.7713243947471314,2.9338075482598014, 1
6.265025997161866,1.131932883431564,5.577941582359381, 1
6.1775370121002195,1.2590756320860557,8.310757776901914, 1
6.2405829429626465,0.9014108635904271,3.999430891458587, 1
6.116153764724731,0.8968382751191069,2.3294217466252354, 1
6.377908372879029,0.7603468716793826,2.9262079968478014, 1
6.033061981201172,0.848425177198385,0.4910097118763588, 1
6.166206741333008,0.6086158745441349,1.9014091909915805, 1
6.142104291915894,1.2569064538697097,6.07004759386043, 1
6.32743558883667,0.7317294514990754,3.3466640217160606, 1
6.263696765899658,0.8171471229676821,1.963936040158069, 1
6.357762289047241,0.9537938027096607,5.897403232653891, 1
6.229806327819825,0.8724854273111521,5.061015641384666, 1
6.07030086517334,0.581293743536809,0.681111328684074, 1
6.545932149887085,0.7478827238090406,2.3875648252362907, 1
6.280637931823731,0.8990015337748659,2.4221998588117004, 1
6.322314023971558,0.7015220490637953,0.47267699121323403, 1
6.072355604171753,0.3466570189379488,0.613613531958913, 1
6.1679786205291744,0.7500353896824536,1.7182593104439776, 1
5.93283634185791,0.6699243684345613,-0.4807367707768663, 1
6.207359790802002,1.2357737388921957,1.6633197215878681, 1
6.022540426254272,0.5692629215202817,-0.0032403707072945487, 1
6.021065664291382,0.6234305452942458,2.643130907435056, 1
6.151706123352051,0.4164055274920097,1.0281784325647094, 1
5.895801687240601,0.6543849359515522,-0.14866274051357764, 1
6.252348327636719,0.9529733692254281,5.186541526765405, 1
6.006913566589356,1.0941046621241446,5.7163407815336535, 1
6.4525655746459964,0.9075463930656665,4.4792336633194285, 1
6.249359512329102,0.9189993183767476,0.4218841231858276, 1
6.239872598648072,0.5374259104845119,0.30286601342552333, 1
6.408677482604981,0.8069217017577871,2.911967249229656, 1
6.0027961254119875,0.7653404408394735,0.14838493639988415, 1
5.861442995071411,0.7697128553184208,0.08665985215268396, 1
6.09756326675415,1.1715788682100583,4.646768618790929, 1
6.214732217788696,1.1308443913995363,6.633354606556826, 1
6.150696563720703,0.9131834948138527,4.467497080574595, 1
6.2439610958099365,1.0885087060081362,6.905011376507787, 1
6.169031047821045,0.769949262279435,1.6188819588568548, 1
6.227738714218139,0.9717303351150275,4.288662881146843, 1
6.275143957138061,0.8463148779163071,3.1135329363558184, 1
5.895134592056275,0.8654356953301316,1.3986468684647893, 1
6.0198390007019045,0.7934151356195881,3.3334125128604684, 1
6.18590669631958,1.326060661339636,5.360213168306791, 1
6.380386543273926,0.8715999198983374,4.890251149371671, 1
6.042352294921875,1.0659818754889194,5.96739665682926, 1
6.180071496963501,1.0740245419382641,6.131172830013633, 1
6.162772941589355,1.3603261696936415,10.614838373122984, 1
6.193822860717773,1.0407432888589727,6.575296754275541, 1
6.127267074584961,0.9725998766163267,4.411836787444463, 1
6.100723075866699,0.3824716639670224,0.9549123408486138, 1
6.016134405136109,0.623723828771083,1.303282337679798, 1
6.0269983291625975,0.9171376276245682,3.167128048817267, 1
6.268750190734863,1.0989781346375416,4.985570112433379, 1
6.027598857879639,0.7775149133194098,-0.7135672043552859, 1
6.218040609359742,1.0340297477019706,7.091013881271715, 1
6.217110538482666,0.883276695192423,2.970461665988887, 1
6.179216051101685,0.9456297627264196,5.825513535427967, 1
6.2247107982635494,0.8806369649288392,4.0865561102382575, 1
5.78991847038269,0.45279581548926834,0.1196621581550289, 1
6.240005683898926,0.750077038757773,2.3317034124646394, 1
6.245640659332276,0.7005390192418905,1.9774312001315137, 1
6.344380664825439,0.6464729420497756,0.7977733189260108, 1
6.2631754875183105,0.7629975229675946,1.7200121599471458, 1
6.2452596664428714,0.8058254140094848,3.429763049558369, 1
6.297342443466187,0.904518472299864,0.47560356342412424, 1
5.818970632553101,0.6129966745979819,-0.36051781199537347, 1
6.046344184875489,0.8023710727652758,2.6038240741458143, 1
6.163805294036865,0.938396142376433,3.420452900708915, 1
6.224921655654907,0.7661128855335609,3.1456140538875617, 1
6.123949956893921,1.0870853709497788,5.1734033091536045, 1
6.222437620162964,0.8559671868367273,1.3765678224345947, 1
6.0908301830291744,0.9791895604201272,2.400077256401823, 1
5.619874095916748,0.6302644338120942,0.29464600306428107, 1
5.969770288467407,0.8413138627935047,3.029817481967962, 1
5.991921663284302,0.9622523967738672,4.219764907225567, 1
6.247718667984008,0.9588982529954226,5.275824033925368, 1
6.072668266296387,0.9496166464124914,2.613352405244859, 1
6.08629002571106,0.7420471807591813,2.954223629039256, 1
5.950358915328979,0.8898807817712708,4.576421714524234, 1
6.258677577972412,0.9670102064714925,3.8417699371670104, 1
5.905296421051025,0.7522039271208563,2.81859308902076, 1
5.83358244895935,0.8511517937914608,0.7430910082891613, 1
6.017610788345337,0.5748392133564257,1.1328124477948904, 1
6.15293025970459,0.8924669836507413,3.7206391569852713, 1
6.145021581649781,1.0334095680269164,5.595991930874584, 1
6.189364099502564,1.23050427487194,6.127412204471761, 1
6.014272737503052,0.81566546609802,3.7710409645205574, 1
6.16589035987854,0.794452932631718,3.415387949784213, 1
5.757666015625,0.5706290136413881,-0.5425123792934754, 1
5.827263879776001,0.4455259564179158,0.38960931839480967, 1
6.051621675491333,0.8757305293899456,1.7457231326799274, 1
6.195191717147827,0.8876893544997222,3.8592635976820246, 1
6.183695840835571,0.7682507270153761,1.8277499032646802, 1
6.014125967025757,1.0833576692593048,5.758658328648176, 1
5.899211883544922,0.5509659351489089,2.1760954609658256, 1
5.742670583724975,0.6573684748428459,-0.8405887146518807, 1
6.09172477722168,0.9824011932969825,1.5682397469789977, 1
6.068637228012085,0.8150584284332398,2.864693037726761, 1
6.223418521881103,0.6746580793354213,1.9901622974335622, 1
6.122624635696411,0.968183527688919,4.148749403227271, 1
6.242242240905762,0.7928158514510424,3.6288449755783407, 1
6.15354175567627,0.9006879275796611,1.6872503143909858, 1
5.8409727096557615,0.7185131682794866,1.143827814067754, 1
6.167398834228516,0.8637524861511735,3.895830038743407, 1
6.1854414463043215,0.8250784308869764,2.9501998385212342, 1
6.321208143234253,0.7515909844312042,0.868551351747351, 1
6.1844117641448975,0.9400686101946771,2.2689044380341556, 1
6.3506354808807375,0.9111449919805079,5.8033084045164065, 1
6.2637687683105465,0.6910012921917389,1.0275095929254348, 1
6.2536173343658445,0.6809377616852208,2.711856787177317, 1
6.257006359100342,0.7955331749070396,2.336309881407578, 1
6.236548852920532,0.9435039588338185,2.3473693302814578, 1
6.233147716522216,0.657024435769012,2.513952374005522, 1
6.1123603820800785,1.007634442302707,5.451981420076344, 1
6.319575786590576,1.0015764701454826,5.665098486459783, 1
6.040116548538208,1.0186999212018488,2.272549401771471, 1
5.917671251296997,0.7976558410113096,0.2744803230393474, 1
6.103057384490967,0.9125906151969738,3.1718981099345456, 1
6.24371485710144,0.9918049533432776,3.970587181465339, 1
6.299227619171143,0.8062786896939894,4.895890318719831, 1
6.239780855178833,0.8460180637152593,3.0291866344011624, 1
6.184542465209961,0.8463282407026423,5.047939186401073, 1
6.344783735275269,0.8358807420001897,4.109312575821809, 1
5.80655517578125,0.5759167493477428,0.2051696658753826, 1
6.169355344772339,0.6136423303285156,1.2181336961061557, 1
6.199033975601196,0.8416352386471196,2.7893123321035773, 1
6.4925755023956295,0.9049263663009118,5.805596298176873, 1
6.046568489074707,1.1366037088008374,8.100853424788875, 1
6.140641689300537,0.9391938161737649,4.698446061457162, 1
6.2790895938873295,0.8370577634452561,3.6481871629926217, 1
5.686776494979858,0.5318882418955663,1.302767835163445, 1
5.946337461471558,1.0259345226879988,3.4474337783107103, 1
6.127841949462891,0.9052192755083991,3.949068894227821, 1
6.272706031799316,0.6025193785374487,2.0886627702866463, 1
6.442004871368408,0.4499036129155483,0.5857780647657816, 1
6.257418823242188,0.6406761001522147,2.5960112958192436, 1
6.162316560745239,0.6466626567984449,2.0693579012116743, 1
5.835038518905639,0.5444558897762498,-0.14335700211788663, 1
6.194983863830567,0.6332394478809706,1.6989803585101073, 1
6.1896580219268795,0.529217889780328,0.40861404183035577, 1
6.2136400699615475,0.7025226188863408,3.327299267593412, 1
6.210063648223877,0.7714923926772538,3.698302704662956, 1
5.749804210662842,0.598644798930891,-0.46109596702049205, 1
6.329057455062866,0.7949038240280009,2.747229490356517, 1
6.048439788818359,0.8251132161192586,2.2796711435058574, 1
6.156523704528809,1.0243156293510907,5.580793825895398, 1
6.01398344039917,0.8709996684118463,3.898491405261985, 1
6.217478036880493,0.8186359686482618,4.391179005369509, 1
6.039289903640747,0.41249243884507913,-0.05236847475796369, 1
5.993782329559326,0.8867375417640899,2.248410724765199, 1
6.398235940933228,0.8513420787634611,3.0186017837973167, 1
6.210083103179931,1.0049127940015423,2.4281907183637035, 1
6.172921895980835,0.5891587027547869,2.1495709155097984, 1
5.83683967590332,0.4662770950751812,-0.4251867195696377, 1
6.233514785766602,0.5275394699133509,0.675938287380859, 1
6.424863672256469,0.7592213185418607,1.7793408858313113, 1
6.2786173820495605,0.9787085220915523,4.92948703585148, 1
6.178710126876831,0.8861484070095811,3.5404958382400995, 1
5.9361193656921385,0.31207162545798284,0.0521670358872143, 1
6.18639349937439,0.8432901359844129,3.5264377530785396, 1
6.287215995788574,0.679051596957629,2.7194935366636397, 1
6.132623100280762,0.9237324656327329,4.02910362630646, 1
6.1955688953399655,0.9612775976551864,5.244774816456379, 1
6.314871501922608,0.8565872830516662,3.681569986352861, 1
5.836870336532593,0.30031294309553125,-0.13300214646458242, 1
6.138792371749878,0.6532586850511451,2.352172961142537, 1
6.1839165687561035,0.9226377860846863,2.6621686678420247, 1
6.189499998092652,0.8909664056027776,5.755913247797958, 1
6.230505657196045,0.9615675166231128,3.0527012335520345, 1
6.212514448165893,0.7423746737207496,2.7002577750956562, 1
5.996357011795044,0.6085277671567807,1.5621889146184231, 1
5.94276065826416,0.9686104474544712,1.6348546114792042, 1
6.235877323150635,0.9668653307664337,5.136551069820688, 1
6.295656156539917,0.9302559596435447,3.8487746159093836, 1
6.23407096862793,0.928248959913768,1.3584778015302619, 1
6.232328128814697,0.550966504109915,0.9851199877858563, 1
6.183609533309936,0.7216953023788214,3.401258669164667, 1
5.8314391613006595,0.4054892389461214,0.11582310285282346, 1
5.911152982711792,0.9004354238141217,1.4617825805069289, 1
6.2539575576782225,1.1084199624669158,3.0664245702319937, 1
6.060069847106933,0.7079003034845813,1.594295435139975, 1
6.1658495426177975,1.1295026273911193,6.436658727893269, 1
5.658422422409058,0.32933060013008164,-0.6019468026368259, 1
5.981090021133423,0.9047709281146875,2.9728078054813296, 1
6.209595823287964,0.6591404271263357,1.3872171266064242, 1
5.980243062973022,0.88454547743358,4.1853765681708195, 1
6.131714820861816,0.7496538826834628,3.5458220879459077, 1
5.658916044235229,0.286610099894647,0.3014340284032414, 1
6.019822645187378,0.7063014072488446,1.6985892420502522, 1
6.190209293365479,0.7281106264810554,2.816755404725108, 1
6.172032260894776,1.0597798950818447,3.4292603038581086, 1
6.15517373085022,0.8105243171974966,4.599363727734704, 1
6.313247585296631,0.9734606370103464,5.438942013754877, 1
6.1107556343078615,0.8856434719170226,4.264759043569347, 1
5.876154041290283,1.098622661761546,2.3312844138671607, 1
6.0216413021087645,0.9844061445721141,4.156482487642711, 1
6.170206880569458,0.8448610713467453,3.431770081677792, 1
6.210824728012085,0.67306651500089,-0.07697647977431643, 1
5.836533117294311,0.882331844675873,4.8646537627330195, 1
6.091389513015747,0.9639733390892659,1.782496352629346, 1
5.665935373306274,0.6156564342804567,-0.9594800443755734, 1
6.10857081413269,1.0533370510401785,4.413286965792281, 1
6.058131217956543,0.8948944103228692,3.0558738538261423, 1
6.242892074584961,0.6933801650317066,2.6363090876255684, 1
6.180477809906006,1.0059519823660754,5.301423179389394, 1
6.363348340988159,1.1057055848594566,8.902466678711358, 1
6.139128732681274,1.0897933818704582,4.210975019695957, 1
5.73447322845459,0.7956709582687939,1.6572646986692234, 1
5.79870080947876,0.8532119987385847,3.9028072583234916, 1
5.892851638793945,0.9151137342679119,2.68812700818612, 1
6.169988775253296,1.0061071622228717,5.972762289171011, 1
6.132497358322143,0.6248037846934922,0.19671111350428422, 1
6.0704676628112795,1.0815317709473793,4.958542684428585, 1
5.927344846725464,0.8071091593846487,1.9521029622378363, 1
5.7314411163330075,0.33457271012453565,0.32169748361175154, 1
6.120082235336303,1.0571694997922996,4.860309413077653, 1
6.1078901290893555,0.6645639787622717,0.6546715736349142, 1
6.04565806388855,0.7757640491275717,2.878222741609511, 1
6.224068880081177,0.8256743087839034,4.799618946124951, 1
5.9274825096130375,0.8364239923609891,0.2374154115099376, 1
5.6911591529846195,0.8718667184969289,0.39264919238180485, 1
6.135857200622558,1.0412332674863647,5.548041385011311, 1
6.098472213745117,0.8913896112172854,3.193890914150325, 1
6.200747299194336,1.1100577919457288,5.441907158524465, 1
5.847547340393066,0.8643634596215588,2.4148488073416052, 1
6.132028102874756,0.9785519576133433,4.639510795147089, 1
6.114129209518433,0.8336759171571085,3.3304499555547635, 1
5.787152123451233,1.1509958417439552,-2.6929891901118523, 1
5.726982831954956,0.5898104652302457,0.5136027612396674, 1
6.025775718688965,0.8433206635129186,1.6515722666223154, 1
6.14727029800415,0.5897595528596286,1.5173623634538218, 1
6.134761095046997,0.8656640987409431,2.5398146879912247, 1
5.846546792984009,0.9377826630440474,-1.815705307488519, 1
5.886091470718384,0.6987257400123934,1.2031324075129533, 1
6.266364336013794,0.883075824651162,5.033623075020273, 1
6.141654777526855,0.798654163596831,4.019143876920316, 1
6.154427242279053,0.8973182858052997,3.6427879465644306, 1
6.083150339126587,1.0143185611789118,5.427474439363072, 1
4.641382384300232,2.627620956142036,28.9234971788723, 2
3.9274190962314606,3.2654012516953377,58.78638861867238, 2
5.29668590426445,3.346271204405796,56.1995972520889, 2
3.5543961942195894,2.7194826136580397,36.31690541318143, 2
4.7487061500549315,3.009708243635372,17.362369759175152, 2
4.3339488983154295,2.848172648097966,10.027548360689797, 2
4.230084067583084,2.8216033680213672,-9.725270372348545, 2
4.549319720268249,2.3019058017646543,20.564008578791068, 2
3.6772314846515655,2.8783002247768406,36.508576664520646, 2
4.559391438961029,2.126531879711,16.746609045169514, 2
3.3919473767280577,1.715201941055993,14.354612130426927, 2
4.9711280226707455,2.6849404154431955,28.72283913216127, 2
3.579039919376373,1.1201382965206128,4.353827997738391, 2
3.283235418796539,1.7053639118580106,15.872296393457217, 2
4.559095823764801,2.085995552881684,26.221058120628822, 2
3.6954805314540864,2.082494271115018,23.050986815148597, 2
4.211349844932556,2.523336360987553,10.462303423307304, 2
3.5348800897598265,2.088256272786009,23.69159214647261, 2
4.31342967748642,3.453523560520366,28.4856120890255, 2
3.7423333644866945,2.5186187139431118,30.880584580469094, 2
3.925095868110657,2.542496921328597,4.948041535209548, 2
3.507735234498978,2.1715770372733156,8.310935983416625, 2
4.171141529083252,3.1106016034268595,15.574095415752842, 2
4.1342618584632875,3.0128857611749917,8.96919676259644, 2
3.8527048945426943,2.5757073517477287,-10.05773159096336, 2
3.594664978981018,2.309813558597367,19.131532355821435, 2
3.7593419909477235,3.0473404652948695,-0.9790324015607865, 2
4.220497214794159,2.0837952679868086,11.103062817563584, 2
3.055950176715851,1.9695865858263482,18.83541206152051, 2
4.755413138866425,2.9551185536696782,27.076724732435668, 2
3.7505707144737244,3.0357355404653523,31.75763292973766, 2
4.750161039829254,2.8879002280373505,5.216610909754447, 2
3.3072290301322935,1.768106142922379,11.602368550684247, 2
4.383663737773896,3.179847385577704,21.466806260526653, 2
4.713300406932831,2.9296145702927987,35.91274492498344, 2
3.0543182611465456,2.3418254834393633,24.698729898535543, 2
4.963163441419601,3.375058580353687,47.28332394849767, 2
3.6726791679859163,3.1949041959852496,53.41248050062149, 2
4.967613685131073,3.1035069036145115,22.80300142666837, 2
3.372860682010651,1.8621230036088523,18.442933621300654, 2
4.926314163208008,3.5622194019055917,33.593478036190035, 2
3.850298225879669,2.384856276551816,25.948504357294233, 2
4.191493946313858,2.589133137883879,3.2950825826496954, 2
3.4307701110839846,2.029845894362507,6.3735852456906406, 2
4.7849136114120485,3.842523412964543,33.12455484735962, 2
4.914019370079041,2.8644325513087097,49.218832655990134, 2
2.6704946875572206,1.3761731413527238,7.710956600891434, 2
4.758922326564789,2.79981247990853,36.8416289883204, 2
3.221249169111252,1.9711178488343388,9.498736359145298, 2
3.3381316125392915,2.424474296996231,-2.147152200139016, 2
3.2103608667850496,2.08809632921956,4.553849680940468, 2
3.5916679084300993,2.6257627589859083,25.581773796636895, 2
4.5159013032913204,2.5227448211853374,37.61747375111242, 2
3.297731566429138,1.8786906937583174,20.138249079147027, 2
3.558687663078308,2.3716766747336364,18.260068680458737, 2
4.264582943916321,2.054246573447158,21.394030063364546, 2
3.499656343460083,2.091484070950252,11.025749373928273, 2
3.498063862323761,2.8247825185438122,16.758461039939526, 2
3.9822201490402223,2.1796742332032104,20.91721714311449, 2
3.0416933715343477,1.8643064247577052,17.81348524194749, 2
4.620054280757904,2.837650850633362,28.312765301110925, 2
4.3029503464698795,3.431171777762026,63.76884028481543, 2
4.017450976371765,2.9754078217973596,-11.076684748018973, 2
4.13208681344986,2.2983158923497085,8.458004680419172, 2
3.1992407143115997,2.6054576370121443,30.70069641192639, 2
4.35005384683609,2.5459154029521236,11.432996227568985, 2
3.348019939661026,2.045850643445694,17.05750003504075, 2
3.981977438926697,2.6268540995606537,13.894377973146044, 2
3.5336846351623534,2.2415159375671685,8.848708605565598, 2
3.197698676586151,1.706655288351032,13.543511851227509, 2
4.886663115024566,3.038799044704799,45.71093149082621, 2
3.7213670015335083,1.9222402351347105,15.076345524817128, 2
3.9461655020713806,2.5937222394006723,-18.744139423190823, 2
4.172023463249206,2.4367852990856074,17.18373357493602, 2
3.191847211122513,2.41182887433953,27.751055559664128, 2
4.662777256965637,3.092604572214227,13.45039999830258, 2
3.664002478122711,1.9398272229434748,13.712975452844624, 2
3.409006196260452,3.24771117060109,53.07397695874614, 2
4.521036839485168,2.7814148570388304,42.65048038480482, 2
3.0690101742744447,1.4909581020117404,7.843536620738079, 2
4.188984698057174,2.788694271761109,10.571080392454096, 2
3.933103096485138,2.2582339607443944,4.0849576748316, 2
2.6665379762649537,1.755924655668691,18.486723404145785, 2
3.9071063578128813,1.8315626243238154,14.619197945283405, 2
3.6246634483337403,2.651398548480017,17.323109226551733, 2
4.084858763217926,2.644615486523611,-5.311689656610298, 2
3.7485557079315184,1.5765690335350422,10.634236129756436, 2
3.18380845785141,1.737876210020766,10.806005932227661, 2
3.8878146409988403,1.5799573258328485,12.840185894625364, 2
3.062224245071411,1.2081710156790966,3.8959029174082165, 2
3.017700433731079,2.1592528632326964,12.976689097331231, 2
4.261358892917633,2.0068106470640057,9.023311586912016, 2
3.098057472705841,1.4685695414373807,11.66571085472431, 2
3.515949785709381,2.2883814581705675,7.106989145867111, 2
3.8636981010437013,2.5810034741504397,11.760818848790871, 2
3.6528809130191804,2.508882828165716,-19.43471941401596, 2
3.860878324508667,2.3101162438415708,23.396499726622743, 2
3.4405972838401793,2.354061064310158,21.923931220316316, 2
3.8339231610298157,2.4412120996846576,-23.566044630460603, 2
3.678260850906372,2.1942973117644056,10.34407598895144, 2
3.1284961104393005,2.500893991190391,32.57021862587978, 2
3.8465978622436525,2.1788881935505495,9.432076577700947, 2
3.06498846411705,1.753345518960162,11.010823823183475, 2
3.212374436855316,1.9879027894813601,-0.1456199347949516, 2
3.6680084824562074,2.075926274675866,10.586606930438721, 2
3.199025624990463,2.1009111402421827,23.799773183998813, 2
4.5903033971786495,3.4953367927084984,32.12417552623377, 2
3.854220139980316,2.1062814983252163,10.56824995921684, 2
3.466865563392639,2.1446130056962116,-0.5312421207510942, 2
3.8846657156944273,2.3334011833934762,8.412337816135533, 2
3.308129918575287,2.482266499574093,31.248872027705744, 2
4.560728764533996,2.5276813806737515,17.413275125473312, 2
2.9880110800266264,1.9127593673957235,15.226652301363895, 2
3.829315388202667,2.559445825756913,8.366546855192256, 2
4.332785975933075,2.752861128477836,28.41993880974064, 2
2.882047325372696,2.2069562211071303,26.885745683372086, 2
4.384976661205291,2.34719655038382,22.851078324313722, 2
3.4039427995681764,2.3171905560610853,13.601858529764993, 2
3.207969880104065,2.2510168032858937,3.836403951329594, 2
3.8610137462615968,2.0328154980772197,12.374232826166072, 2
2.602388006448746,1.6325587738207066,17.389539936168294, 2
4.229594647884369,2.432036033590412,14.418742316909054, 2
2.693150907754898,1.9464448043146765,5.890483820300964, 2
4.031659692525864,2.502613117515623,20.313544555100183, 2
3.2261291444301605,2.710667008592745,34.854218872485816, 2
4.342913901805877,2.390093131389659,14.431998242326772, 2
3.1352953970432282,1.9407058224465181,9.540814208271255, 2
3.590893644094467,2.495834280056743,13.127116028760934, 2
3.607478839159012,2.556114953822915,14.397105926877613, 2
3.0444276094436646,2.0042747644501326,18.906005192094888, 2
4.246142345666885,2.3345416134483328,24.686247102452267, 2
2.909230810403824,2.4228175529731817,25.883497714179185, 2
4.343162167072296,2.4907936461796822,29.43872260647367, 2
3.450896453857422,2.2173662370984224,13.73003751879539, 2
2.8871901512145994,1.9866477131676512,19.246088380815028, 2
4.331690418720245,2.4934420351096436,22.415077945032035, 2
2.641857308149338,1.6378184737195465,14.542058107200985, 2
4.196173542737961,2.615744789825061,15.761663053088503, 2
3.6167931079864504,2.248247196616586,18.180023261884607, 2
3.91380432844162,2.661134486155401,-18.26403002962745, 2
3.5084361255168917,1.812886397872568,8.924703166906983, 2
3.278346246480942,2.7759281137634155,37.620124939164796, 2
4.2177218198776245,2.189027467076221,32.00374479355317, 2
2.637274593114853,1.6660213094842267,9.41133779991178, 2
3.574160027503967,2.40951049184401,9.67465003335267, 2
3.970970594882965,2.5351757334778147,20.95362895190685, 2
2.8475820779800416,1.827034197863303,21.950858488675845, 2
3.5679807364940643,1.9622473031074859,22.601774046136402, 2
3.7373297274112702,2.5851028914191945,26.00247573715915, 2
2.8752479195594787,1.5545854245543258,5.665452342632364, 2
3.7079116702079773,2.3022380642858016,17.64870955934358, 2
3.196775829792023,2.3268537930742323,27.726893185506402, 2
3.675136125087738,1.9397359481310896,7.059008169774288, 2
2.785243648290634,1.036705221005315,6.714663844407145, 2
2.959670841693878,2.6523813576998214,31.305877340902832, 2
4.518792676925659,2.3669238326171773,11.401266268812767, 2
2.7489232301712034,1.8947134553961138,13.168875075678434, 2
3.3827837884426115,2.4373186038944943,10.875596608227017, 2
3.6327600717544555,2.133594346696169,10.784150092193224, 2
2.687784332036972,1.8823614529401962,15.109471518409114, 2
4.138607931137085,2.7036796737714877,44.39842636102522, 2
3.211655968427658,2.7095115456604573,35.222320837915646, 2
3.80427862405777,2.05637447017375,7.920383867598046, 2
2.994398903846741,1.7669143477769207,14.907013623181662, 2
4.074585860967636,2.6513490444279992,14.708904675466954, 2
3.214338719844818,1.9409332203439749,5.012927546391573, 2
2.9239346265792845,1.9669054839390843,19.82011063539461, 2
3.7983317017555236,2.378682605036777,7.933960030456479, 2
2.7492085814476015,1.9522872155730981,23.414978832924685, 2
3.9050606191158295,2.3967872148843763,1.6181544749665608, 2
2.6504986345767976,1.6773150659900582,10.231825127884512, 2
3.1281385242938997,2.314607858727506,7.09897202692962, 2
3.6457622766494753,2.2034785433099646,19.98474258840772, 2
2.5781009078025816,2.0008403148531144,19.44433255880115, 2
4.406544876098633,2.806563049239902,35.0847313684506, 2
3.1357599258422852,2.476434829192629,29.494152851531304, 2
4.264510846138,3.0804758710090545,11.72867053724411, 2
2.8718260407447813,1.8772083274288864,8.753677916183419, 2
3.7349838256835937,2.426336748928978,6.8795600915084325, 2
3.896635413169861,2.4980612878418946,14.111180012575034, 2
2.6956040501594543,2.0549999336715885,20.063738078226507, 2
4.068688333034515,2.3951708362880026,32.71117920370003, 2
3.190086668729782,2.4061684947915682,30.17333847867748, 2
3.3950658679008483,1.7530696962697716,8.36372460318846, 2
2.776942902803421,1.5711423088865333,4.265465972277447, 2
3.387118923664093,2.738926676259808,12.559733158650861, 2
3.375990295410156,2.0538091172780226,-0.5189003060516825, 2
2.856304395198822,1.681206278528324,16.699693703506227, 2
4.056012892723084,2.282461194580336,38.54858314448508, 2
3.2694525480270387,2.258677984980507,14.354922614013441, 2
3.496124291419983,2.7409055264104625,-6.87642178845518, 2
3.65661598443985,2.1130129362597936,17.09576391518561, 2
2.6855319678783416,2.2617402973857716,22.82168977563807, 2
4.327414464950562,2.498191763075338,21.885992209169974, 2
2.7868137657642365,1.8823081943929707,17.333779140680523, 2
3.769069266319275,3.2978109703168568,26.321110102637398, 2
4.000040948390961,2.7845435319033207,23.162664847941492, 2
2.9656820774078367,2.1678549595891003,27.382832083398945, 2
3.8800031304359437,2.4040247312066234,18.91156396133131, 2
3.1087839543819427,2.0923339992562076,20.577956954610187, 2
3.669121724367142,2.416995523374053,-3.4457345395674985, 2
3.1599418044090273,1.8215558727161687,12.351431119369122, 2
3.6673809409141542,3.1329941427391907,12.563478583338151, 2
4.1943092226982115,2.7899817204705593,0.16110052798393168, 2
2.5695851922035216,1.5214365565559445,17.769173115504003, 2
3.6570679426193236,2.2175431746165364,28.377782080629107, 2
3.66760094165802,2.834580270072336,32.10679948635576, 2
2.8825629115104676,1.6983359549994068,9.989565683055563, 2
2.597257822751999,2.4208963674843726,21.357816197153678, 2
4.535748624801636,2.513193606271635,22.500927604573146, 2
2.758244812488556,1.8217703452200646,17.23243691373211, 2
3.813981831073761,2.75902190786267,15.34817612069289, 2
4.234191763401031,3.0395896331583807,54.87118747995325, 2
3.9456904530525208,2.5999907906697013,10.37467929690785, 2
3.323141038417816,2.237995284081826,8.947910172409347, 2
2.925220561027527,2.423987465888554,31.592844929740483, 2
4.124819374084472,1.909221870487198,9.38827786677515, 2
2.7014416992664336,1.6621531954978503,15.414933192847698, 2
3.638532280921936,2.4159419158337614,27.965528547108264, 2
3.2014771342277526,2.307439332089784,24.132097531407638, 2
3.3743089556694033,2.245417498417039,-7.286442925119448, 2
3.310850715637207,1.9592003242299803,8.460233892501453, 2
3.2388132512569427,2.3572810002967395,9.075120824910165, 2
3.9016039967536926,2.4460430836947853,14.403781551875788, 2
3.0456943571567536,2.286863563899647,35.746971863873085, 2
3.670679932832718,2.3758775886453307,15.876042734410724, 2
3.3004912614822386,2.1326487594457326,15.230105457404964, 2
2.93321088552475,1.9117255734867875,12.969182575077044, 2
3.2229150772094726,1.999173077997284,-0.07189119574598268, 2
3.1064360439777374,2.661769877220826,34.24361537865737, 2
4.320462572574615,2.6364788457689814,-10.507072401847184, 2
3.1465423583984373,1.8256398906602387,7.244756040990544, 2
3.513371455669403,2.7581323585278352,19.33698591472175, 2
4.201544690132141,2.460319050060291,23.06983569257665, 2
2.8682346105575562,2.015372741888087,24.77909347862998, 2
3.413708007335663,2.412965078204646,21.677170908400587, 2
3.6367833375930787,2.1413417747979633,19.32646680675714, 2
3.005402457714081,1.9166907456090487,-2.8326561011080744, 2
3.78782377243042,2.498209699749209,30.317883623561002, 2
2.8960069179534913,1.9256263805615177,17.565835412245328, 2
3.601919782161713,2.0548224563258186,-2.0372860383547113, 2
3.041482037305832,1.950511068709191,9.366971758380942, 2
3.076851320266724,2.174039790466744,28.12039167342275, 2
4.017839574813843,1.3363910696975265,8.702163003064491, 2
2.87320761680603,1.627938028688473,12.205726077818332, 2
3.7134980618953706,2.288677357416696,15.625526617162036, 2
3.4783809185028076,2.602000660930194,14.143989920628869, 2
2.974063378572464,2.083046941577278,26.827013915369733, 2
3.902880382537842,2.3212423717156496,21.58862418852012, 2
3.337662559747696,2.5441265877761405,30.443736500315726, 2
3.8873138308525084,2.3627917485806007,5.035363863011016, 2
2.8645990967750548,1.793052664858613,10.306683091029612, 2
3.6947017550468444,2.512722610041888,16.515945123350903, 2
3.4724100947380068,1.9889675953290655,10.044350816872933, 2
3.421125602722168,2.4283612181959056,1.3681751025610893, 2
3.222597059607506,1.8957664618359318,7.614554711695035, 2
3.14863583445549,2.714089348729882,18.165159724311312, 2
4.043108403682709,2.230245237363526,19.411244241242876, 2
2.7532574623823165,2.204413695661678,23.559847931950046, 2
4.133237826824188,2.6906361821470575,39.5773418212355, 2
2.9939182937145232,2.695094507465767,38.60742126210513, 2
3.434593176841736,1.7673876077682873,8.212266885999437, 2
3.2104402005672457,2.099685930413589,8.382999867944733, 2
3.53660871386528,2.6342248174696055,27.97770575725031, 2
3.7121721386909483,2.3641498649903134,18.705922025688864, 2
3.5704350769519806,2.5839349878915283,-5.953316641620619, 2
3.209326809644699,1.861770614117209,7.001403761690261, 2
2.8970063447952272,2.3257522407432436,30.27632717665915, 2
3.884705698490143,2.0547622335611746,16.82386339122182, 2
3.084595412015915,1.805843874403772,10.016835936440906, 2
3.9135878801345827,2.9970708351008715,20.048622266441022, 2
2.8864565670490263,2.0081019067180734,18.010280970910856, 2
3.59891739487648,2.1308419907831477,-5.811331826278161, 2
3.2187492728233336,1.740979596547296,4.150671207248704, 2
3.543985199928284,2.767290292989372,24.573315380319567, 2
3.9686664581298827,2.4876251300486314,21.23914748371529, 2
2.9384851098060607,2.456353473756982,39.32195088669805, 2
3.549906450510025,2.1273883790421424,16.96248869987942, 2
2.9580989241600038,1.3296183284080205,5.5771234164201795, 2
3.1262451112270355,2.1244500904219277,-1.3056249223760128, 2
3.55634092092514,2.2739093162630346,25.088417028435167, 2
2.666985350847244,1.9486993045139094,18.449743017083765, 2
3.905037522315979,2.061201918098203,11.190861389455591, 2
2.4921649426221846,1.7601754334234645,7.291163228497279, 2
3.3826409339904786,2.1677128685869125,17.388716694042976, 2
3.236034643650055,2.139053452751309,9.757229025094404, 2
2.7842624187469482,1.7371502837119928,2.4044347199096165, 2
3.4971163153648375,1.9359406628663807,14.807704012695153, 2
2.623600310087204,1.9598811156702383,20.421846320336748, 2
3.877047610282898,2.173880160187746,8.533984942100066, 2
2.6118732571601866,1.7223758743778417,9.334756446353905, 2
3.4903949022293093,2.25744765124679,13.04685903282658, 2
3.429227590560913,2.1017492674938136,10.877593903993215, 2
2.8986541509628294,2.11204786607555,7.719725551090285, 2
3.67979633808136,2.266478851327902,24.286279457963303, 2
3.0532909870147704,2.027011958741939,14.918146983106663, 2
3.59987016916275,1.8938839469925257,2.1435993940393576, 2
2.660223734378815,1.2685009095502922,1.8475741360562221, 2
3.105117458105087,1.7498785385399585,-2.8146025927137215, 2
3.4943445682525636,2.0460256966615877,14.426522243393459, 2
3.065688061714172,2.016693137662359,4.368601284290158, 2
3.087892937660217,1.7572579700381654,9.11104440010077, 2
2.878620582818985,2.516824590762934,32.96473841914823, 2
3.781821548938751,2.1790958663561466,7.577117448196297, 2
2.5179554522037506,1.7670110940031563,10.9987049951872, 2
3.882560133934021,2.8489606337028706,31.325247877518727, 2
3.360710322856903,2.3370658434689915,22.15599216059268, 2
3.575239771604538,2.6189195835632577,-10.342649823518432, 2
3.3504491657018662,1.7897179473802187,10.753187772045361, 2
2.7209411352872848,2.0648317859783156,-2.387104769687653, 2
3.6137272477149964,1.9634551715024462,16.112570901978888, 2
2.6913472056388854,1.675176267130669,12.423330928762796, 2
3.8163670659065247,2.015547096719506,23.49210997060031, 2
2.7071866512298586,1.3872926896843802,-0.210855320941471, 2
2.872658884525299,1.867326481701881,11.8832426286201, 2
3.790373033285141,2.4824247101052554,25.472490355508103, 2
3.1514175951480867,2.3443858382045537,31.46601903104918, 2
3.9754374980926515,2.049187271579438,7.351495241595282, 2
2.8151378512382506,1.5589149810934873,6.350973724100101, 2
2.9498059868812563,2.1309207860479082,14.182898204285532, 2
3.4526711106300354,1.9943603184383396,11.950477048027743, 2
2.5917903184890747,1.4273583026190775,6.23192878765532, 2
4.19439657330513,2.533663926674107,39.35343572181931, 2
3.0871022999286652,2.342179110609282,20.297223452463875, 2
3.747803294658661,2.2224290436908296,3.7813543462428227, 2
3.063941168785095,2.1051297966428435,14.128520305133597, 2
3.882427179813385,2.89388361885685,13.056532883457422, 2
3.80745187997818,2.5471336868831647,23.29304630707644, 2
3.346407163143158,2.581268981803656,-15.382153819084905, 2
3.474461370706558,2.118780007954103,20.567042380448488, 2
2.7364274680614473,2.3170595067212667,27.04456069787848, 2
3.8593756198883056,2.1514155295164312,7.8632454767218505, 2
2.747308832406998,1.6357842925848547,7.431990337739696, 2
3.3062209486961365,2.3622503564501764,12.234039356061452, 2
3.8314658761024476,1.980314854357237,14.076599795302075, 2
2.543134981393814,1.880662649369537,22.86553007434583, 2
3.946459913253784,2.712931382867478,27.833376263512356, 2
3.8062372326850893,2.7956947953818054,22.442835490631523, 2
3.416435348987579,2.5648806698735442,27.077369604542703, 2
2.9102426886558534,1.4102036907675741,0.9041328476448585, 2
2.159221428632736,1.768509371429582,18.652101430721277, 2
3.770938628911972,1.9059212665838812,7.964229935723324, 2
2.767445796728134,1.877550150777132,-2.6123442763278035, 2
3.172835385799408,1.6524852320626773,7.4042248119893825, 2
2.524077421426773,1.6110971337824636,8.176333585296227, 2
3.533116263151169,2.0452121159313426,15.070365904510151, 2
3.061934435367584,2.402871305367117,28.99051578681393, 2
3.3632945895195006,1.9954033576749388,-1.183810744081515, 2
2.4339928448200228,1.4589672389753128,5.386482243284203, 2
2.8047815158963205,2.3160375190816036,7.392411750767876, 2
3.085341250896454,1.6226106793935886,6.588003134107071, 2
2.6730988413095473,1.8042823356032875,12.449756447886495, 2
3.0811188757419585,1.9822785813085326,9.799893078250756, 2
2.482064810395241,1.821163512628117,11.735197556752695, 2
3.5134872674942015,1.5888896906126895,8.39006249243767, 2
2.616633576154709,1.612218954575282,9.97856973504914, 2
3.3130083620548247,2.094333163551927,15.265622239464832, 2
3.2024585962295533,1.629149837367154,10.78434001510187, 2
2.5420679450035095,1.5579006041466015,14.05843310722394, 2
3.425417736172676,2.0218409264887844,21.254397281512485, 2
2.5398822247982027,1.7181646425062584,14.175331921853887, 2
3.657747137546539,2.3216386434844143,8.475437247980746, 2
2.8272365003824236,1.686961305002205,3.400591780322646, 2
2.6222200214862825,1.9083481600580772,2.045235701622876, 2
3.6520264387130736,1.8390558159079695,7.444433306655677, 2
2.2492046773433687,1.531644499393538,12.857578652370455, 2
3.247347241640091,1.852942267673112,13.172833747671511, 2
3.251019835472107,2.015929207706003,14.159885881585836, 2
2.871426486968994,1.9844426359061826,3.534493882619921, 2
3.3375483095645904,2.106111409472507,20.061566686402198, 2
2.512759679555893,2.056658484310825,15.27473434993186, 2
3.3711444616317747,1.9069878108616387,7.090188842498369, 2
2.3728403747081757,1.7620400581886821,17.288692473776276, 2
2.956987851858139,2.149020365000237,15.437534511544598, 2
3.6646832704544066,2.1076627989775103,14.918922426139098, 2
2.2866096436977386,1.8299978204529557,15.160395667997705, 2
3.791184204816818,2.338833966281039,36.52898581974246, 2
2.882820165157318,2.2162473883005025,27.552774487684648, 2
3.4294259548187256,1.7732718845012705,6.895892224567092, 2
2.408285316824913,1.835786984809067,21.02075994815102, 2
3.2452905356884,2.086031406740405,13.088351293500306, 2
3.104583132266998,1.7815978225124687,13.128126500948976, 2
2.6973941922187805,1.8322362718191985,8.00298770087888, 2
3.0481208473443986,1.8717062097367394,19.025709977237444, 2
2.412732020020485,2.1112663323835217,24.387264493176673, 2
3.537911319732666,1.8037000094992206,9.092737473307487, 2
2.282455736398697,1.366224976034504,4.365034041019555, 2
2.58566272854805,1.971728766377301,8.325754027632719, 2
3.4474836468696592,1.796428701608574,16.10920850474235, 2
2.305240273475647,1.7876801590003104,16.644535386837077, 2
3.0178943634033204,2.147337241497055,18.579462237775374, 2
2.902271068096161,1.9392833551197175,12.810777574544732, 2
3.0246602311730384,1.9618091126611241,0.3281463344256077, 2
2.852363783121109,1.757795789523775,16.656940173996784, 2
2.453866699337959,2.0761255996098367,27.647845259115883, 2
3.4061388254165648,1.5385279966462857,10.330113367455303, 2
2.2741783618927003,1.4849217667370753,11.49203493380806, 2
2.9704019010066984,2.16957241415094,6.4939700454490294, 2
2.511633777618408,1.5170698045812567,0.8320547157485634, 2
2.1888036251068117,1.6543094966119654,14.514481730973618, 2
3.1129570424556734,2.2139273529663424,23.806157834926918, 2
2.2215785145759583,1.680394930657751,10.48417297364911, 2
3.232185757160187,1.7397549391009535,8.57551907148927, 2
2.231618803739548,1.4353972004505071,8.703109268747394, 2
2.3714203536510468,1.9436011324506657,3.195385431722711, 2
3.167534649372101,1.8852069398679154,7.276058546836104, 2
2.136940735578537,1.5310113889921333,8.509981699201955, 2
2.9152083486318587,1.7769518213249926,14.321764919782622, 2
2.332068032026291,1.6497194869626224,6.634102540229002, 2
2.847006785869598,1.6707228482746734,-3.289946248042101, 2
2.5670732498168944,1.4655218794434655,7.058812253781689, 2
2.3200196087360383,1.7765023835668767,20.329545844312104, 2
3.4842960476875304,1.5775693267332256,17.00652722988075, 2
2.467035734653473,1.7025658787383962,12.015555213764161, 2
2.4984254777431487,2.1337200087641914,33.5331809370098, 2
3.5841768264770506,1.6683829400824481,8.518823000577944, 2
2.1739432156085967,1.4742578375356972,9.902396352441357, 2
2.792959433794022,1.893774224416995,5.493094566849547, 2
2.462717819213867,1.4324743949049976,5.516157007072513, 2
2.813297522068024,1.7370311394353612,-3.325958552635429, 2
2.488425385951996,1.6039005433512015,5.006567400497472, 2
2.1985439121723176,1.8084827090853604,17.08845729105071, 2
3.4089919567108153,1.8323246394640917,13.474162814512306, 2
2.147211304306984,1.464167575760689,10.07501037131746, 2
3.0126883536577225,2.170837150041185,17.12894506932328, 2
2.5845996737480164,1.7614488345456503,8.648603284762821, 2
2.728542482852936,1.9761511229513389,-2.94726194150485, 2
2.8076920419931413,1.7853389689000077,10.735345475389742, 2
2.0703890323638916,1.5628909048667248,13.430114337607577, 2
3.4155327916145324,1.9357005812309833,7.0584526967190175, 2
2.4301285237073897,1.7493110548243744,12.102630407709448, 2
2.876437920331955,2.1645983586417956,5.9708803777589345, 2
2.99452942609787,1.6674053079899165,10.753778162063774, 2
2.2922741651535032,1.797103377345449,16.397856533880667, 2
2.8117282032966613,1.9580489849315215,6.519732578496898, 2
3.1515515208244325,1.5211286244842421,-2.244358571216436, 2
2.6456838846206665,2.0770476582308928,14.930092182696711, 2
3.0107960283756254,1.943917453097712,1.0344385607260418, 2
2.207496702671051,1.4888380436526352,13.561286718981712, 2
2.547282761335373,1.8895707785927995,-1.2190705861329647, 2
2.652405834197998,1.6010536962216937,-0.2476463264827995, 2
2.631697115302086,1.809605894415058,0.2989577992526349, 2
2.7157518565654755,1.8047323244343287,9.76370546134444, 2
2.0683409810066222,1.4843288155720036,6.364540452010859, 2
3.5073482036590575,1.5002686113857018,6.956408228792761, 2
2.198182249069214,1.2936578769438305,6.526341989874816, 2
2.7680398166179656,2.035727476624601,4.576176767811161, 2
2.5472501873970033,1.661746491400264,4.247529099398819, 2
2.5638326048851012,1.8197846265354831,15.40585495404999, 2
2.966118314862251,1.904600768549783,15.056823334404763, 2
2.3528393030166628,1.8233396305125464,19.662501204727665, 2
2.9423826545476914,1.6425102463449681,-0.08206095148959491, 2
2.279237097501755,1.3879361927686906,2.173798324931332, 2
2.411874371767044,1.8878333760199684,24.46735482270368, 2
3.662752163410187,1.7522684812633225,17.792664328733252, 2
2.3390591621398924,1.5961238612272575,4.0458869395400345, 2
2.249449372291565,1.8973747359130961,21.134516353689556, 2
3.24220290184021,1.785227101920717,9.511445537492103, 2
2.5092551529407503,1.7993074638507802,19.25076663323406, 2
2.4011600494384764,1.883499399887232,1.939209301542422, 2
3.292154324054718,1.8434517600634202,11.035817939642667, 2
2.2279635846614836,1.484422285961847,11.835908389385121, 2
3.131978279352188,2.1746293249136595,28.969988580789018, 2
2.907485103607178,1.6953767461219023,10.22351157924029, 2
2.6607957601547243,1.8205896031783124,4.519458272610609, 2
2.891071689128876,2.062817391598216,17.299900249916906, 2
2.6034419417381285,1.886885119367645,17.64450556592155, 2
2.774373710155487,1.757283614820998,-4.435016159886011, 2
2.37366441488266,1.7071837992499044,8.659299956415936, 2
2.426240625977516,2.022450603125275,23.55620799219553, 2
3.6307530045509337,1.7515840372978781,19.423637109577886, 2
2.5917136490345003,1.7745140229228447,11.980387876060185, 2
2.713410845398903,2.0820459318450757,6.4096899287131075, 2
3.0832440137863157,1.935592493815344,12.75014482786023, 2
2.4195266366004944,1.6279362101572985,14.594993644760134, 2
3.234831628203392,2.2646648921410466,32.172223435802806, 2
2.472020697593689,1.94131432667252,14.580349711969609, 2
3.547662079334259,1.900382438168591,8.304273224373468, 2
2.951132372021675,2.1748624519983006,19.046846581248005, 2
3.6484498500823976,1.9013337394180834,11.413960594619459, 2
2.4418101638555525,1.7514674001220043,12.973321802468323, 2
3.187685963511467,2.3279781492414395,16.46599238360033, 2
2.75693998336792,2.029140778707736,8.53400677954998, 2
2.926333153247833,2.172724694949656,-0.5729638271323816, 2
2.9734404385089874,2.172516031409623,16.16833692228879, 2
2.5212691187858582,2.250338977482665,31.15598297908537, 2
3.4605756878852842,1.8105317031285846,10.680712696704603, 2
2.4645682722330093,1.904273090519122,17.49722754053842, 2
2.840469080209732,2.4934181309349284,33.748859769187945, 2
3.222157907485962,1.7108676578129947,4.832272036481276, 2
2.4673720359802247,1.794951340573556,21.641760637628863, 2
2.855442579090595,2.027278212594076,5.547171071234514, 2
2.651186203956604,1.9266722626229504,8.549722815914262, 2
2.8652277052402497,2.0448863667925847,2.88215424508578, 2
3.145087185502052,2.1600493699925503,18.686996520498425, 2
2.465099337697029,1.6306361305343224,10.267446679556222, 2
3.67321857213974,2.3447994094721056,-0.5665015287434736, 2
2.614748740196228,1.8134559928487224,12.86296547444403, 2
2.464879536628723,1.9657061215456768,23.450177576394587, 2
3.3994738936424254,1.7707858826174137,2.442169854716324, 2
